model	simID	S	tree.length	PD	gamma	beta	Colless	Sackin	Yule.PDA.ratio	MRD	VRD	PSV	mean.Iprime	MPD	VPD	MGL_principal_eigenvalue	MGL_asymmetry	MGL_peakedness	MGL_eigengap	nLTT_stat
etienne	113212	178	9.999999999	26.14800799	2.168607933	-0.268023427	916	1858	211.1090593	10.43820225	7.106328953	0.652667407	0.531920478	1.16653245	0.220006799	6782.935968	1.245778279	5.562676034	9	0.281897839
etienne	113232	110	10	18.1678718	2.258414674	0.163570916	391	933	121.8868905	8.481818182	5.628106756	0.744479789	0.458654102	1.337535876	0.362809865	4100.132106	-0.702167727	6.024873762	1	0.263634289
etienne	113311	28	10	6.459389476	2.674933917	0.116217375	67	165	28.3714704	5.892857143	2.914021164	0.615009943	0.530400387	1.046507917	0.397153834	1022.374765	1.160684688	2.841168038	13	0.198104279
etienne	113312	71	10	11.22259738	1.490467887	0.409346493	215	547	75.19628888	7.704225352	5.296981891	0.630780555	0.410414899	1.123435522	0.394249448	2652.631559	1.059409876	4.363652481	1	0.270732008
etienne	113321	27	10	6.528233817	2.230263278	-0.470612988	84	170	27.71434905	6.296296296	6.216524217	0.604172923	0.595601852	1.014508666	0.463280497	986.1977473	0.999372119	1.511886633	13	0.187023848
etienne	113322	601	9.999999999	88.50259305	2.865152955	-0.159667195	4447	8213	722.5860102	13.6655574	13.75296173	0.754721874	0.515463911	1.364741486	0.150114171	23054.87631	-0.781462103	7.055897511	12	0.28153787
etienne	113331	28	10	6.761740205	2.080297905	-1.003594911	103	203	32.13077711	7.25	5.305555556	0.488756972	0.503313353	0.77800918	0.216424936	1041.725896	2.482730523	2.597624434	5	0.187375935
etienne	113332	41	10	7.783403654	2.871627921	-0.801306988	157	301	47.92445511	7.341463415	7.580487805	0.613920477	0.672085739	1.071320749	0.410388057	1512.68893	0.862567461	1.959937976	1	0.238957647
etienne	123212	74	9.999999999	12.31233294	2.547668799	-0.416306027	321	649	85.5875211	8.77027027	5.576638282	0.507323696	0.542207952	0.865532117	0.156114301	2807.013818	2.60990887	3.856431342	4	0.262413882
etienne	123232	53	9.999999999	8.840129627	2.144107201	-0.12080106	176	390	57.15750626	7.358490566	8.657474601	0.631973967	0.43252938	1.123777889	0.496881295	1986.851167	0.394073773	1.772700454	1	0.262001861
etienne	123311	23	10	4.630465884	3.098366904	-0.472983424	60	136	22.90438445	5.913043478	4.173913043	0.519334559	0.435357143	0.893062341	0.430676243	854.908385	1.650448138	1.584579402	3	0.228310484
etienne	123312	28	10	7.355250317	1.785113063	-1.060528794	107	201	32.55063095	7.178571429	4.892857143	0.539363175	0.58819157	0.858680286	0.170950021	1035.683284	2.066085668	2.082822265	1	0.166109249
etienne	123321	23	10	4.812081431	2.718078253	-0.047134638	54	128	22.37203769	5.565217391	3.529644269	0.403258373	0.558333333	0.647312325	0.364124881	848.6803384	2.393159841	1.967210475	4	0.220414155
etienne	123322	141	10	25.90283272	2.436094998	-0.578744289	677	1399	172.0587718	9.921985816	10.15815603	0.775503727	0.54764578	1.37801666	0.316778719	5227.273693	-0.448122828	4.856599199	1	0.245088726
etienne	123331	22	9.999999999	4.966810269	2.082691166	-0.046353025	43	115	21.95114315	5.227272727	3.231601732	0.682703953	0.57637741	1.203872927	0.519362217	804.8487228	0.775190472	2.66251791	1	0.204417128
etienne	123332	28	10	6.563637926	1.368557761	-0.265771202	62	160	29.36152729	5.714285714	3.026455026	0.673474147	0.620231554	1.161631041	0.462477776	1010.981889	0.887169337	3.387254561	1	0.19438112
etienne	133232	28	10	6.715722799	1.227752332	9.999935	36	148	27.7786434	5.285714286	1.470899471	0.71333414	0.482142857	1.237065295	0.417070286	1009.064559	0.433497301	4.820969193	1	0.189006278
etienne	133311	23	10	4.504930764	3.307630101	-1.419203439	83	149	28.03280278	6.47826087	7.897233202	0.522511244	0.744132653	0.905389841	0.641173943	844.7706408	1.064734517	1.552381408	12	0.233768532
etienne	133321	24	9.999999999	4.662353763	3.249752131	2.903718139	37	123	22.24463919	5.125	1.505434783	0.678835905	0.392051467	1.223937741	0.501567442	887.389948	0.892046984	3.176690574	1	0.234933718
etienne	133322	26	10	7.395145333	0.29805108	-0.893956381	70	160	28.72244733	6.153846154	4.695384615	0.669759093	0.553159341	1.104961635	0.370877165	929.0363146	0.833333108	2.176745512	1	0.144943099
etienne	133331	24	10	4.814992261	2.84237031	0.327508931	50	134	23.02739853	5.583333333	2.514492754	0.542552001	0.419967532	0.938792961	0.365599348	889.6572782	1.718282038	1.99187008	4	0.228573781
etienne	213212	169	10	20.40442455	2.603104421	0.074004497	642	1568	194.5669739	9.278106509	4.749577346	0.693049071	0.46914224	1.274365928	0.350283444	6414.942771	0.230345302	3.661690461	1	0.30806052
etienne	213222	39	9.999999999	6.286799806	1.899571926	0.061057422	112	268	39.78700352	6.871794872	3.956815115	0.399244901	0.435291325	0.667926654	0.209184553	1480.589319	3.21184722	2.556471508	3	0.267596765
etienne	213232	59	10	10.26679412	1.525189436	-0.31991245	215	473	66.19927293	8.016949153	6.292811222	0.568446247	0.479170128	0.985471637	0.340644096	2216.494066	1.362020411	2.907815211	24	0.2547833
etienne	213311	38	10	7.143085334	2.709573798	-1.016240482	187	319	45.92734946	8.394736842	8.191322902	0.399821514	0.668905465	0.642061877	0.191281325	1438.002202	2.639369235	2.768049157	4	0.24082083
etienne	213312	1596	10	198.7611945	3.691846082	0.025342438	9932	22456	1914.199009	14.07017544	10.11921025	0.803165758	0.493463828	1.482807845	0.152078	60831.11865	0.09855969	9.766604162	2	0.304259671
etienne	213321	42	10	7.532499339	2.91224652	1.548812564	100	264	41.43368751	6.285714286	2.696864111	0.570180655	0.444434269	0.992851722	0.425747271	1559.169493	1.319724908	2.299642815	16	0.249451538
etienne	213322	1357	10	167.3262015	3.443070811	-0.133155364	6767	17577	1642.276174	12.95283714	9.366505588	0.847910806	0.503009872	1.573742033	0.158482985	51542.01146	-1.97523024	14.10305136	1	0.30549079
etienne	213331	44	10	7.871229677	2.71289566	-0.146384241	124	302	47.072033	6.863636364	5.00422833	0.675689798	0.452663857	1.205279919	0.473337008	1632.931598	1.078752294	4.210057885	1	0.249905176
etienne	213332	1547	10	187.9981397	3.133897751	0.027964282	9978	21978	1854.87759	14.20685197	13.43583918	0.746008236	0.502807373	1.371503646	0.103253244	59591.61943	0.172782839	10.62763124	84	0.307272429
etienne	214322	24	10	9.021246647	-0.166320487	1.416326382	44	128	21.69607324	5.333333333	1.884057971	0.765235956	0.367694805	1.20686508	0.270234873	847.2534991	-0.11304626	2.264206851	1	0.059690767
etienne	223212	184	10	25.29170877	2.667398273	-0.196417162	783	1749	219.4181359	9.505434783	6.229478498	0.703223005	0.568342145	1.277175017	0.344780823	6964.612504	0.342162464	2.666206895	3	0.291341821
etienne	223222	27	10	4.667518172	3.378114528	0.08941031	54	152	26.85514728	5.62962963	3.011396011	0.624365322	0.461805556	1.12857173	0.62719152	1003.498604	2.822885623	6.151542021	1	0.255925717
etienne	223232	113	10	17.05565988	3.011446391	-0.120018682	481	1001	131.2514732	8.85840708	7.676201011	0.664818328	0.537106514	1.191554918	0.309580275	4258.3027	0.77477813	2.671419554	78	0.277861717
etienne	223311	28	10	5.953648284	1.556630541	-0.440757191	72	172	29.16655461	6.142857143	3.830687831	0.557657067	0.586418709	0.948788328	0.358919048	1042.362914	2.801537255	3.463359758	3	0.216166464
etienne	223312	40	10	7.967384412	1.98483131	3.235175035	70	236	39.80728099	5.9	1.682051282	0.714236966	0.42397351	1.265643595	0.41824266	1467.677687	-0.040654358	6.054586483	1	0.22961215
etienne	223321	27	10	6.158036473	0.961449648	3.280778614	45	143	25.16271453	5.296296296	1.524216524	0.673032388	0.40755772	1.169333073	0.485833094	980.7203363	0.552771996	1.936622099	1	0.20072887
etienne	223322	596	9.999999999	73.96055305	3.779195081	0.157651588	2880	6930	704.4892597	11.62751678	6.476149117	0.774520166	0.489673418	1.427615218	0.144468655	22830.19244	0.068407678	8.599754297	1	0.304701872
etienne	223331	31	10	6.364658362	1.806662124	-0.261651408	92	196	32.49566188	6.322580645	4.292473118	0.523003136	0.622157842	0.881400462	0.387746264	1153.588529	1.448630624	1.640906664	4	0.2234852
etienne	223332	168	10	24.01469684	1.349720068	0.61282875	509	1475	189.899457	8.779761905	4.280546051	0.763248308	0.477200287	1.392829386	0.371191108	6310.070031	-0.592260233	5.686269865	2	0.285852136
etienne	224322	20	10	7.714595892	-0.086885918	9.999929959	24	96	19.58109983	4.8	1.536842105	0.774321631	0.573484848	1.225890746	0.367547793	684.3048946	0.298693951	2.697288465	5	0.058945226
etienne	233112	36	10	6.043411072	2.701641137	0.27144662	75	223	36.01831808	6.194444444	3.361111111	0.653976295	0.362890646	1.180247457	0.592705124	1339.223549	0.575152606	2.288307208	1	0.26092423
etienne	233232	30	10	6.867909799	2.852666647	-0.09800923	59	171	31.87707091	5.7	3.113793103	0.733178592	0.537619048	1.285439457	0.441851326	1091.922069	0.293835151	4.486342767	1	0.199866433
etienne	233311	33	10	5.58048093	3.067302294	0.223301479	75	195	34.35528571	5.909090909	2.835227273	0.678796291	0.539488636	1.233136439	0.508631489	1230.16734	0.537349527	3.04217357	1	0.259691277
etienne	233312	61	10	10.42402792	3.212006675	0.590739273	137	415	66.54613934	6.803278689	3.260655738	0.759025017	0.535345861	1.372230695	0.359647049	2272.370661	-0.835903433	5.217281152	1	0.257911056
etienne	233321	37	10	5.836859206	3.419876771	1.839547118	69	217	38.30890161	5.864864865	1.953453453	0.688188522	0.52677475	1.259033815	0.490014597	1381.569328	0.895586159	4.216327492	1	0.271043809
etienne	233322	184	9.999999999	24.14537215	3.317005813	-0.295235833	796	1800	219.0179261	9.782608696	8.35685436	0.67409741	0.493644194	1.225046306	0.284940872	6990.302866	0.887586197	5.944094355	74	0.297571911
etienne	233331	36	10	6.043411072	2.701641137	0.27144662	75	223	36.01831808	6.194444444	3.361111111	0.653976295	0.362890646	1.180247457	0.592705124	1339.223549	0.575152606	2.288307208	1	0.26092423
etienne	233332	36	10	5.837983914	2.519780899	0.547869061	83	223	36.23531157	6.194444444	3.132539683	0.489482553	0.480495139	0.85257836	0.434775716	1351.631658	1.693844016	3.043603478	11	0.26663054
etienne	313212	4933	10	443.1760331	5.156212686	-0.062475056	45012	87794	5979.104152	17.7972836	17.25127405	0.68444461	0.512317034	1.279364385	0.0722606	192500.3746	0.803840248	9.891087439	60	0.33895771
etienne	313222	2150	10	195.6958693	2.938725462	-0.19150065	14080	31124	2610.256266	14.47627907	12.44871579	0.721040871	0.514699754	1.351797756	0.215374765	82747.34594	0.869867729	14.34611219	1	0.337775425
etienne	313232	1276	10	114.9445229	4.365851861	-0.005144985	8090	17662	1532.402869	13.84169279	11.69570349	0.570205088	0.504744661	1.051453934	0.117657187	49489.7219	2.7000114	14.97592496	118	0.338714845
etienne	313322	4435	10	399.4894351	3.197252368	-0.027752538	29514	68746	5344.436264	15.50078918	12.85312297	0.827918922	0.504883605	1.566143089	0.171268867	170532.1909	-0.978160425	7.479392084	1	0.338720225
etienne	314212	22	10	8.988742869	-0.356034263	-0.382834199	47	119	22.14361708	5.409090909	3.300865801	0.794474426	0.604090909	1.236637933	0.316586238	747.0912398	-0.259225993	1.955395116	2	0.064254129
etienne	314311	20	10	4.798456531	0.411922513	0.108058732	33	103	18.54962684	5.15	2.871052632	0.614600778	0.341975309	1.055674658	0.600213024	718.959605	1.33877121	1.992648521	1	0.195126897
etienne	314321	23	10	5.151381825	0.819638557	0.209191032	48	126	22.46255169	5.47826087	2.351778656	0.396229416	0.526623377	0.61717654	0.274275222	849.0422268	2.900939127	2.268311022	3	0.205661964
etienne	314331	23	10	5.200266658	0.716001638	-0.521644789	58	130	23.5417459	5.652173913	4.782608696	0.524721427	0.61712963	0.877599901	0.506364653	840.5078038	1.314122576	1.778727961	9	0.203569766
etienne	323211	49	10	6.830918181	3.729198955	0.342912427	131	331	51.98642643	6.755102041	3.355442177	0.595068909	0.52189523	1.079677474	0.388878613	1847.946768	1.50169806	3.538130909	16	0.289390266
etienne	323212	2387	10	230.7919172	3.358681684	0.026516939	16149	35483	2860.448691	14.86510264	11.25254109	0.752325316	0.50338052	1.408637266	0.13864004	92223.62227	1.077833585	12.10176314	302	0.33210974
etienne	323221	50	10	7.152213861	3.172194747	0.062803279	177	369	52.93625927	7.38	6.444489796	0.520368832	0.51417906	0.924426545	0.435912452	1895.858225	1.325895243	2.662997117	22	0.285752483
etienne	323222	2270	10	214.225099	3.149339411	0.005492328	19542	37150	2715.601172	16.36563877	21.22984567	0.667343054	0.490851429	1.240986293	0.147067574	87759.10068	1.504191449	6.550308189	265	0.33442447
etienne	323231	49	9.999999999	7.337515572	2.724855454	0.172230683	111	325	53.12649754	6.632653061	2.612244898	0.677349871	0.499121825	1.235272995	0.509437341	1835.511721	1.279559665	6.550201622	1	0.279051544
etienne	323232	2418	10	226.2873481	3.765926268	-0.062711216	15578	35124	2913.116488	14.52605459	11.33175778	0.780041552	0.499181635	1.467176995	0.198506009	92829.54096	-0.309175172	10.83637158	1	0.335212249
etienne	323311	167	10	19.39916897	3.353026488	0.196812505	583	1529	188.6331568	9.155688623	5.023807806	0.719122177	0.45294175	1.33139219	0.413891142	6343.863805	0.587532399	8.853458146	1	0.312634072
etienne	323312	2471	9.999999999	239.0268656	4.165583802	-0.054946747	15974	36028	2973.434321	14.58033185	11.01125673	0.811793187	0.506253673	1.527528313	0.191264956	94718.35731	-1.492595239	11.95754413	1	0.332063913
etienne	323321	176	10	20.4219429	3.212616558	0.037543082	729	1645	207.7853102	9.346590909	6.86775974	0.663553747	0.543729744	1.219589706	0.300350596	6714.48942	0.975207722	3.131951699	1	0.312762993
etienne	323322	3734	9.999999999	359.2006599	5.927456078	0.227037576	21838	54050	4427.575312	14.47509373	9.484378172	0.840036758	0.481411148	1.584330494	0.14896617	143478.5583	-0.760437553	5.595527414	1	0.332599476
etienne	323331	183	10	21.27534674	3.139319091	0.201690484	569	1633	209.5388581	8.923497268	4.444664625	0.701637917	0.4512028	1.295412207	0.419041034	6960.008803	0.370424613	3.799114599	1	0.312538035
etienne	323332	1107	10	109.5719172	4.140056896	-0.162302604	7731	15345	1328.82619	13.86178862	15.82988577	0.753919172	0.500058604	1.41030905	0.240783697	42454.12752	0.239020714	4.500424184	1	0.329815805
etienne	324232	20	9.999999999	7.208124772	-0.339642287	-0.073826792	38	104	18.99331316	5.2	3.536842105	0.740381133	0.445833333	1.183609085	0.367810222	686.407869	0.165137192	1.745915337	1	0.090613555
etienne	333211	30	10	5.001606348	3.357506906	0.080905862	61	173	31.41990123	5.766666667	3.081609195	0.617542572	0.548499504	1.115693613	0.609812633	1117.215226	0.703396312	2.114603261	1	0.262076548
etienne	333212	85	10	9.588455062	3.482622338	-0.11330956	272	686	97.79724348	8.070588235	4.114005602	0.390130197	0.528224351	0.682028816	0.187048075	3270.214013	3.740331029	2.657640531	7	0.315991406
etienne	333221	30	10	5.160560209	2.936875119	-0.279559038	80	184	31.24309486	6.133333333	4.188505747	0.538787691	0.62588053	0.949940123	0.392104209	1129.289346	1.97199475	3.167382553	7	0.256778086
etienne	333231	33	10	5.302756707	3.356979109	0.057333845	95	211	32.6232996	6.393939394	5.746212121	0.465587503	0.424236874	0.808970995	0.49944761	1240.784343	1.671980693	2.36153177	10	0.268107163
etienne	333232	752	10	78.2887367	3.768480288	0.233642574	4060	9300	885.4026859	12.36702128	8.331161288	0.750627543	0.49356541	1.399271022	0.298894446	28713.39725	-0.664539024	7.727031023	1	0.324689397
etienne	333311	70	10	8.167063071	3.882704736	-0.502659273	313	613	81.67998239	8.757142857	7.635817805	0.432908443	0.572273112	0.767428036	0.354947841	2670.141993	2.217241207	4.026339372	15	0.31212443
etienne	333312	686	9.999999999	76.60053734	3.981269387	-0.109172052	3508	8132	823.5677717	11.85422741	6.726164585	0.753629236	0.519643586	1.39791161	0.244856479	26132.72527	-0.680419853	6.7232609	1	0.317134169
etienne	333321	71	10	8.465314554	3.522897406	0.340607978	202	520	79.79764773	7.323943662	3.193561368	0.597540023	0.541517383	1.096152075	0.488335039	2699.070871	0.829927384	3.010459683	1	0.309566978
etienne	333322	625	10	67.7609504	3.799859035	0.059613259	3131	7491	743.3702395	11.9856	6.549471795	0.613419238	0.495240011	1.120746371	0.104439396	24120.73336	2.436016328	11.70680106	39	0.320379239
etienne	333331	72	10	8.658654269	3.407768548	-0.21974185	208	570	80.77427656	7.916666667	5.091549296	0.636292831	0.402464692	1.172862168	0.56872753	2728.348038	1.631715081	4.668133656	1	0.308537673
etienne	333332	238	10	26.79137721	3.453865216	0.038721089	824	2272	280.2927746	9.546218487	5.084352728	0.73161472	0.499551287	1.357256442	0.356219188	9057.514584	-1.334803099	9.922259406	1	0.316227948
