"model"	"simID"	"S"	"tree.length"	"PD"	"gamma"	"beta"	"Colless"	"Sackin"	"Yule.PDA.ratio"	"MRD"	"VRD"	"PSV"	"mean.Iprime"	"MPD"	"VPD"	"MGL_principal_eigenvalue"	"MGL_asymmetry"	"MGL_peakedness"	"MGL_eigengap"	"nLTT_stat"
NA	NA	NA	NA	NA	NA	NA	NA	NA	NA	NA	NA	NA	NA	NA	NA	NA	NA	NA	NA	NA
fh	10	52	4948	5.47413096200485	8.26022273889889	-0.852625640083057	176	382	62.9148109545688	7.34615384615385	6.70135746606335	0.5635820679867	0.712178536522615	1.04952769030162	NA	989023.93827321	2.12653404232793	6.76487302366373	10	0.32352501071521	
fh	100	23	4714	3.42808655070004	5.04741615923782	-0.692725283591497	53	127	24.1979694097284	5.52173913043478	3.1699604743083	0.581566807139108	0.616125541125541	1.076160844765	NA	408158.970863902	1.88501652936925	2.48222210213345	1	0.280587845896213	
fh	101	48	4964	16.8319903303787	2.64389760258939	-0.890298767527241	154	350	57.9625075246356	7.29166666666667	6.50886524822695	0.885810638012127	0.650252525252525	1.44987326443562	NA	858583.547287298	-1.17088135398754	5.29552633555398	77	0.0834209584532174	
fh	102	61	4994	29.2088506207449	0.0166597890788028	-0.225909543812613	187	455	68.4088540861484	7.45901639344262	4.15245901639344	0.950316664149986	0.522396980627728	1.44230801479684	NA	1060141.55548847	-1.10197333731759	4.29910000175887	91	0.132127861546527	
fh	103	34	4999	9.62992598519704	3.836397551654	-0.764676609783023	88	214	38.6746520580602	6.29411764705882	3.48663101604278	0.822917524681407	0.612946288140925	1.40498366520884	NA	620287.738860949	-0.35090954983895	2.74135741045345	8	0.150699604649883	
fh	104	64	4961	29.974198750252	0.367249929694906	-0.40354467761118	233	501	73.2281733704901	7.828125	7.09697420634921	0.943804832455054	0.589355241809562	1.43894349428856	NA	1106941.09294022	-1.06375670560975	3.53475455001675	96	0.145351971345151	
fh	105	38	4989	3.61174584084987	7.59866520834272	-0.992865109382351	123	261	45.3187467580105	6.86842105263158	9.30654338549075	0.526280434309678	0.61835124670651	0.995066118433524	NA	727559.570208046	0.898840084232444	1.9037465225154	1	0.333750816804274	
fh	106	52	3858	7.84733022291343	6.71329287245544	-0.689076249542402	187	391	61.3118628189747	7.51923076923077	8.37217194570136	0.65955855963632	0.647596213310499	1.19635919616201	NA	762235.199132112	1.10017407406208	4.02396964147346	14	0.277886563390045	
fh	107	35	4983	3.76098735701385	7.57771484315345	-1.38302066016404	117	237	44.5379561387565	6.77142857142857	8.41680672268908	0.606526728692681	0.752116402116402	1.14825154031808	NA	667617.006267854	1.6675239452852	3.06208672656643	1	0.321339978355567	
fh	108	58	4888	5.67266775777414	6.31639828167818	-1.39618464560989	242	480	80.9178513688302	8.27586206896552	13.1857229280097	0.607442402495884	0.713736166753408	1.14275955312034	NA	1086126.50900628	2.91434024962033	6.34891480988527	1	0.330992143471187	
fh	109	73	4969	16.0631917890924	6.73876374539294	0.241923444142329	215	543	81.0481203980291	7.43835616438356	3.47184170471842	0.886446424452611	0.570600087312044	1.57446586460578	NA	1358574.74053567	-1.76400836339578	5.41788988437322	129	0.208753036846282	
fh	11	49	4940	5.16133603238866	8.83219089402327	-1.41496478225114	178	368	65.7889070184129	7.51020408163265	7.88010204081633	0.671410497397339	0.767649718210728	1.26907625179124	NA	928560.758999189	0.655723382757255	4.0963481028087	1	0.323463371568439	
fh	110	125	4991	38.9767581646965	5.76029844476838	-0.301956492483981	539	1157	145.769194412679	9.256	6.33716129032258	0.958753032878536	0.526084192515142	1.61771273796133	NA	2289470.48771684	-1.84508886652747	11.815763031697	213	0.131404755889377	
fh	111	76	4992	9.20072115384615	9.73287627962376	-0.991006091730523	323	655	97.3604485825963	8.61842105263158	9.43912280701754	0.739033752249213	0.697522926409995	1.37778895681213	NA	1453304.10319555	0.339873254398015	5.79424960502963	5	0.30773463953919	
fh	112	92	4998	32.3629451780712	4.22099327225875	0.387611795778021	327	751	100.089842792983	8.16304347826087	6.11598184424271	0.957456752409516	0.475309272274162	1.57884644279863	NA	1667449.58518467	-1.67857133367456	9.58465373168806	151	0.12644699432566	
fh	114	20	1351	5.95558845299778	2.38109318604128	-1.35043288756537	76	130	23.6064515167201	6.5	9.21052631578947	0.633663173477736	0.741666666666667	1.03231374570344	NA	98607.6998779127	0.973611939839754	1.48754677912183	10	0.137906640452759	
fh	115	21	4870	2.36837782340862	6.7972832438091	-1.60667133039118	56	122	25.4903262748559	5.80952380952381	5.66190476190476	0.545253740099736	0.730769230769231	1.04701757900536	NA	390908.92570136	4.0866041003819	4.46543000637799	1	0.317853199504948	
fh	116	24	4917	3.99450884685784	5.35556092690468	1.73205408017997	40	124	23.4075458319106	5.16666666666667	2.57971014492754	0.686707312400338	0.564108618654073	1.26967004729952	NA	442638.145100676	1.40230396994253	3.9902811953936	2	0.262766551588505	
fh	117	49	4992	15.2113381410256	3.5026654939227	-0.351104999266379	163	363	54.3369488460175	7.40816326530612	4.82993197278912	0.886234982775161	0.579929391129769	1.49162104384198	NA	896066.850666464	-1.35070595348211	6.06149466045868	78	0.118529109425786	
fh	118	67	4995	30.2078078078078	0.64107487419576	1.1887075244512	142	464	69.5046914479333	6.92537313432836	2.40343735866124	0.95611876009886	0.372292658608448	1.48074531583303	NA	1172599.91218355	-1.22806307093027	4.94217704990245	105	0.109222911384668	
fh	119	32	4991	8.63414145461831	3.69143980268513	0.325433596008128	64	188	32.2138424263467	5.875	3.2741935483871	0.788443391653363	0.467003968253968	1.35174517408345	NA	579555.614065639	-0.0188931720916497	1.83197674491644	31	0.159832397719388	
fh	12	67	4881	5.87871337840606	7.67706391078249	-1.45513265424154	280	574	95.9648688136606	8.56716417910448	16.8855721393035	0.636687861283996	0.68066826478066	1.20847428772896	NA	1259261.80673341	2.74827500976989	7.74586045272322	1	0.341054769262055	
fh	120	58	4996	31.4563650920737	-1.77036083435025	0.00383763247950129	181	421	63.543140180061	7.25862068965517	4.37053841500302	0.959343155104846	0.515291559925047	1.39640206444331	NA	990587.472665024	-0.941269402198297	2.35007425160667	81	0.152125170731616	
fh	121	48	4796	4.58798999165972	8.21667590339483	-1.44089413102481	271	433	67.415785003798	9.02083333333333	21.3399822695035	0.425143367108524	0.761817116902929	0.782093327119375	NA	887908.98751854	2.0063904726133	2.0222505773692	11	0.33321363515829	
fh	122	48	4813	6.21670475794723	7.61414414073061	-0.952639035131997	169	355	58.5404817331651	7.39583333333333	11.478280141844	0.668301018370754	0.662460586578436	1.2385094586819	NA	880009.258120476	0.426556083524829	2.04157439970331	1	0.2992820775273	
fh	123	38	4979	3.34866439043985	7.42514761419803	-1.65914711688375	177	305	55.3770174349667	8.02631578947368	12.7830725462304	0.558677883811868	0.818655806182122	1.06793006302145	NA	729282.215259372	6.13345764053241	9.20875706354851	1	0.340674012867696	
fh	124	55	4464	6.26209677419355	7.65624154508277	-1.35976956942224	204	438	74.5008230558271	7.96363636363636	12.9616161616162	0.65837738194369	0.661754830137183	1.23049484409273	NA	936172.831351967	0.691846504524489	3.28403357909886	1	0.314940454999197	
fh	125	82	4990	16.2699398797595	7.64640267918772	0.0140278738854288	253	651	90.801434206731	7.9390243902439	4.69993977717555	0.868375715598617	0.501952988277863	1.55773202088491	NA	1534462.96703467	-1.55816433536039	5.05511915114937	152	0.230382859011857	
fh	126	116	4989	33.8917618761275	5.66392475892488	-0.48317905030871	673	1195	136.872853421683	10.301724137931	14.2125187406297	0.94582113633502	0.540044479423281	1.6125777180341	NA	2124951.32134917	-1.90942737660057	8.35332527036951	194	0.141231566569897	
fh	127	76	4983	9.44792293798916	9.11023884900724	0.0453969247259995	215	563	87.3012378730174	7.40789473684211	3.55140350877193	0.724633085825139	0.539411808627214	1.34547903489972	NA	1444875.06122371	0.328261053310214	2.72387423832809	57	0.304481984484677	
fh	128	115	4986	37.0980746089049	5.31648698607073	-0.30817541642396	504	1062	134.154563674977	9.23478260869565	8.58474446987033	0.961522560652665	0.527583641188656	1.61341017086411	NA	2099757.51728757	-1.86713501027212	9.87929087644053	198	0.139944484709706	
fh	13	79	4961	14.3182826043136	7.6713140245081	0.00204932489297137	244	616	89.2522082901603	7.79746835443038	4.85589094449854	0.843910774080018	0.52419148340201	1.52673722913952	NA	1472804.1173994	-0.849094229183609	3.04992156142089	145	0.247552676385627	
fh	130	27	4441	5.60054041882459	4.38628357131941	-1.51682894797545	115	191	35.1621003253948	7.07407407407407	15.2250712250712	0.629765632467727	0.806324404761905	1.10301358008189	NA	445225.257399984	0.559669043760781	1.530761646228	1	0.221369337065105	
fh	132	27	4936	2.79153160453809	6.56117790565546	-1.83146102292578	133	207	41.4587845656199	7.66666666666667	15.3076923076923	0.514042421052145	0.878690476190476	0.977277512096784	NA	511113.254164807	1.1360760037546	2.23036820669236	1	0.325406700557197	
fh	133	40	4985	14.6393179538616	1.87051755481534	0.228614526725939	91	251	42.2366019493854	6.275	3.74294871794872	0.890471928606332	0.589118629908104	1.44933443628516	NA	711275.254435902	-1.14776939009136	4.16857600840655	63	0.0665979400105169	
fh	134	66	4974	31.4252110977081	0.0901628467233888	-0.798163317591536	331	595	80.2256277990365	9.01515151515152	8.16899766899767	0.956347552728735	0.576307897510459	1.45564252964508	NA	1151733.52544254	-1.1435511942114	3.91725363241545	95	0.128359779755409	
fh	135	36	4968	7.85507246376812	5.00490353526946	2.81796755461963	65	209	33.1696470465321	5.80555555555556	2.27539682539683	0.782229123533471	0.299419828537476	1.38787507654623	NA	661673.878002119	-0.09446598112511	2.0671533651181	33	0.210875860496519	
fh	136	55	4991	30.6064916850331	-2.08640986997447	-0.723574192796004	208	426	64.7351669133685	7.74545454545455	6.19326599326599	0.957647536609668	0.600186378792148	1.37956823811913	NA	933326.590305336	-0.892529133217783	2.27079524868406	75	0.162113111465081	
fh	137	52	4187	5.05994745641271	9.72387075121506	-1.37311304886622	216	404	69.6912020034983	7.76923076923077	8.45550527903469	0.700653930988721	0.773344508196482	1.33453309812706	NA	841766.426256532	0.0451060127969609	3.78500605176532	2	0.331490078130444	
fh	138	45	4735	5.55776135163675	6.99257883738383	-1.17282874821683	235	387	57.7700868677821	8.6	15.7	0.515687178010304	0.67222096908939	0.938213464809565	NA	817693.899393047	1.44601778214425	1.64983769328631	13	0.305290952170384	
fh	139	35	4981	3.53242320819113	7.66633934658517	-0.708676907317231	79	215	39.7929728608062	6.14285714285714	4.71428571428571	0.621109459644127	0.611577380952381	1.18465959221341	NA	669344.99374548	1.58062571306087	2.95279346702887	1	0.327870382607645	
fh	14	143	4977	36.4615230058268	8.61962516827668	0.398738316122402	481	1229	162.932141219133	8.5944055944056	4.11602482025017	0.957713113534115	0.528802905196935	1.67154174336618	NA	2643172.90978379	-2.19909623736486	15.6069137289204	250	0.178446135590332	
fh	140	65	4923	5.55941499085923	7.20450721955539	-1.35761056836844	287	555	89.5621563989876	8.53846153846154	11.8774038461538	0.577229917654963	0.725876856749285	1.09161602240393	NA	1233420.47859687	1.51700441645439	3.80208309746237	1	0.3432672985867	
fh	141	69	4994	16.4665598718462	6.58600193382886	-0.422597449518456	215	519	81.3008706720556	7.52173913043478	5.19437340153453	0.890989477227746	0.619058119058119	1.56587647555772	NA	1282165.238522	-1.71685965140829	5.22934985926619	120	0.190150964740386	
fh	142	108	4997	35.7410446267761	4.78948238088945	0.159750908768948	386	926	118.261453779974	8.57407407407407	5.31221876081689	0.957059594011859	0.440110442885904	1.5968292559974	NA	1967711.05925774	-1.72603409173671	9.97015256285013	179	0.117358788376071	
fh	143	79	4996	10.4207365892714	9.27504123655613	0.20243069774437	231	595	90.0077627270225	7.53164556962025	4.30347289840961	0.786521330014352	0.567829579173687	1.46151407488885	NA	1517139.85908339	-0.156943508051347	4.33130612061144	148	0.296888701892491	
fh	144	102	4964	32.0584206285254	5.44116330721784	1.20469126917024	253	787	109.638588234109	7.7156862745098	3.27480100951272	0.959005401891092	0.450833962348593	1.6184351945037	NA	1856913.67194583	-1.87992014016909	11.1398092172608	173	0.143245904298136	
fh	149	27	4982	10.6222400642312	1.11982386905678	-1.20209743539008	97	181	32.1869873390435	6.7037037037037	9.67806267806268	0.830567250077487	0.66156462585034	1.31540774655232	NA	472330.183076716	-0.461668007632494	1.9034726807227	38	0.0566182481464443	
fh	15	67	4973	8.9511361351297	8.35782987988466	0.989049416111444	138	462	73.5748450303979	6.8955223880597	2.45861601085482	0.738052330163162	0.504814254133026	1.36582562927987	NA	1266590.38989588	0.424816773952647	5.44390764108869	5	0.295197713191553	
fh	150	41	4928	26.1633522727273	-3.80910296807957	-1.07990872587336	134	294	50.2540903784717	7.17073170731707	4.04512195121951	0.938852896341463	0.580867002671514	1.26403707211	NA	669281.247014545	-0.56233634715939	1.77224109465327	54	0.22987492607044	
fh	151	22	4942	8.28328611898017	1.08851495003873	9.99992351110537	20	104	19.2532453205817	4.72727272727273	0.779220779220779	0.807764877777019	0.352878787878788	1.29821141184585	NA	376852.151379513	-0.318909308055189	1.94100348944215	1	0.0637276191588973	
fh	152	38	4961	28.0489820600685	-5.63476121212657	0.249522379778791	91	243	39.6599099950584	6.39473684210526	2.40753911806543	0.968965326416604	0.421458159287107	1.22296877809073	NA	607869.172472016	-0.411483867698853	1.53955693418992	44	0.319281401464193	
fh	157	52	4953	15.8027458106198	3.27341783939683	-0.473763795567	138	368	59.8120279623238	7.07692307692308	3.91553544494721	0.869743005062063	0.548030078895464	1.46330634559184	NA	928050.733831942	-1.39899713734064	9.76784383003094	79	0.125344437124118	
fh	158	52	4997	31.212927756654	-3.08148451185582	0.164759529441154	131	359	55.5525636889039	6.90384615384615	3.26508295625943	0.964452578032491	0.381369051522504	1.34947048564185	NA	871007.422835247	-0.800103021573333	2.08355578638009	70	0.185171978820201	
fh	159	35	4993	7.81273783296615	3.84839900930359	1.25451667374836	75	207	34.9660587038584	5.91428571428571	2.96302521008403	0.731293390578743	0.48765873015873	1.28050506856232	NA	639001.67619048	0.474573211220793	2.17318642002732	7	0.205721831246133	
fh	16	103	4982	35.6884785226817	4.32392945005091	-0.114731596316935	374	876	118.369093367482	8.50485436893204	4.74262326289739	0.959688268209109	0.498494968833354	1.58699728395729	NA	1858595.44840458	-1.726086757637	8.5175982339725	173	0.12431871750689	
fh	160	49	4982	30.3378161380971	-3.35322425771723	-0.465549344409568	162	350	55.3107759921141	7.14285714285714	4.83333333333333	0.966959796764952	0.56505235315977	1.33635132870085	NA	813468.565527391	-0.722737033638573	1.99610355644396	64	0.217018265814433	
fh	165	27	4973	12.3740197064146	-0.379218248183404	-0.533682561532191	57	157	28.7163805060092	5.81481481481481	3.07977207977208	0.867828152364649	0.523809523809524	1.32268823490097	NA	460419.032560331	-0.629009635034757	2.1547030929766	37	0.0664552284938601	
fh	166	35	4984	27.5634028892456	-6.67841833996577	1.30545316363625	68	206	33.6518500695114	5.88571428571429	2.2218487394958	0.965028932921483	0.375340136054422	1.16543031477369	NA	548239.808752042	-0.274409439705563	1.38011763871442	40	0.362332104644681	
fh	167	23	4996	8.76301040832666	1.47494203807192	0.725179291453087	41	119	22.2489775941357	5.17391304347826	2.33201581027668	0.822976167495261	0.568939393939394	1.3218235194216	NA	403431.738525889	-0.0628578544979595	1.89074760425986	11	0.0745045047776969	
fh	168	36	4936	23.8788492706645	-3.95548259460595	-1.14482918936514	125	259	44.2084794679938	7.19444444444444	6.8468253968254	0.947578207403977	0.593394024276377	1.25896057055461	NA	585063.783109048	-0.54155971070935	1.70346887762688	44	0.245265501331573	
fh	17	25	1286	3.49922239502333	5.97049625517105	-1.66614813976538	193	253	40.5903770071603	10.12	30.2766666666667	0.29390876101607	0.865771554834055	0.493554342421263	NA	122238.139900338	2.23246261617025	3.24968081077269	3	0.288827864183601	
fh	173	54	4975	14.4976884422111	3.81904514565498	-0.490576925792156	212	434	61.1271704918311	8.03703703703704	6.71558350803634	0.869032092678627	0.530207720404209	1.49725428411673	NA	983185.265164794	-1.30205216744749	4.15094884360233	95	0.161367777216994	
fh	174	48	4986	28.6654632972323	-2.61018173112246	-0.498459496789372	148	352	54.1753802345489	7.33333333333333	3.50354609929078	0.959495274712457	0.503552508097963	1.34436749887366	NA	809291.345568901	-0.787907184411799	2.00384560768364	61	0.194702954579835	
fh	175	37	4966	9.82521143777688	3.92044932896112	0.48148033617556	82	226	37.6264393317787	6.10810810810811	2.32132132132132	0.807982267406351	0.474655165096342	1.38959812570226	NA	674574.850949821	-0.0105934343122755	3.89096923348831	17	0.163959261749713	
fh	176	51	4994	31.1696035242291	-3.28694435815647	-0.468719770124109	208	400	57.1159543452425	7.84313725490196	7.25490196078431	0.962511248792669	0.567786767970591	1.33471587687403	NA	852926.826774598	-0.746630784576044	2.02581159419031	67	0.206055605871675	
fh	18	22	3877	4.85942739231364	3.78401162687415	-1.34563012909805	70	136	25.9221086912815	6.18181818181818	7.87012987012987	0.606340869172956	0.706934731934732	1.05282737648928	NA	310892.835008246	0.71254917490787	1.62666121771275	15	0.20922834624314	
fh	181	24	4938	11.7255974078574	-0.5904462911625	-0.811351066550905	62	140	25.8487774181959	5.83333333333333	3.88405797101449	0.8516679286926	0.629691142191142	1.26332480201305	NA	400487.422481811	-0.453784869743558	1.77301098132655	32	0.088912000484917	
fh	182	35	4972	23.5448511665326	-3.78095715462455	-0.0640506605693076	78	212	37.1728527322107	6.05714285714286	2.76134453781513	0.96138848137807	0.510539215686274	1.27794952672733	NA	571776.172009484	-0.572942963802065	1.68987625320439	43	0.260912275589371	
fh	183	28	4974	8.73482106956172	2.52319494562628	9.99993507280847	22	142	24.7622918352955	5.07142857142857	0.735449735449735	0.862546618075368	0.215367965367965	1.46477507957203	NA	499494.857985175	-1.21250698658788	6.75288743436874	50	0.126620890692016	
fh	184	40	4818	27.2347447073474	-4.83174553915702	-0.748000679294692	135	283	45.8382569204887	7.075	7.14807692307692	0.951823556960543	0.582031584143773	1.24654314146251	NA	626500.530887306	-0.516123313921369	1.68017853669169	49	0.254197430284057	
fh	189	43	4988	13.261427425822	3.44190586914291	0.920421584289915	100	272	44.0578045221753	6.32558139534884	3.36766334440753	0.886633568404703	0.519079878454878	1.49875578138232	NA	784914.633425481	-1.42484372793191	6.76829131278581	68	0.121815346074886	
fh	19	21	4856	3	5.55747155451583	-1.63912659537339	60	124	25.9603299041017	5.90476190476191	5.49047619047619	0.575475602102456	0.773717948717949	1.07658416040503	NA	384579.426460523	4.91914893083355	12.505395701265	1	0.287775953000596	
fh	190	40	4944	27.5732200647249	-4.40486498728903	1.36768301891677	74	240	41.4023301628823	6	2.1025641025641	0.970765133598872	0.515451307695075	1.27611711407951	NA	646291.771922792	-0.580473769788649	1.68786634934034	50	0.268587262131771	
fh	191	38	4951	8.74914158755807	4.93787291312941	1.50390514583049	69	225	38.2082149276345	5.92105263157895	2.34495021337127	0.824424739402043	0.453627558479532	1.45860539594331	NA	693583.197208814	-0.768675931346115	5.26430753295665	7	0.199161582780668	
fh	192	43	4942	28.3142452448401	-4.06025453376208	0.127648036122068	98	274	46.7235792401293	6.37209302325581	3.28682170542636	0.963375599927038	0.521021128629824	1.29142863944444	NA	701004.244961768	-0.610111846757332	1.79481747174264	54	0.251837591855888	
fh	194	27	4933	7.19481046016623	3.94649133176846	2.9507428835367	43	143	25.7302176834714	5.2962962962963	1.67806267806268	0.77119729157029	0.438392857142857	1.32873891863599	NA	484865.119534299	0.181671597723952	2.90695437079288	19	0.163523564333525	
fh	195	22	4954	3.0841744045216	6.04371966295471	-1.41412213772177	46	120	25.0848611667478	5.45454545454545	3.4978354978355	0.589666490150947	0.720512820512821	1.10520487264674	NA	411648.375881366	4.27057495609188	15.6909491699558	1	0.289921663870051	
fh	196	27	4881	4.77545584921123	4.35272415524643	0.607366329867255	43	147	27.1012445724605	5.44444444444444	2.41025641025641	0.654325073501472	0.484615384615385	1.1853920105477	NA	488979.867950343	1.91557493819312	4.78521109515638	1	0.251928024828563	
fh	197	36	4936	14.2848460291734	1.3022932761252	0.124189556773068	88	226	36.5512912824456	6.27777777777778	2.83492063492064	0.896403810038332	0.475098039215686	1.43314538772343	NA	629210.423144167	-1.10237960192541	3.61363848079922	57	0.0656277265879425	
fh	198	59	4999	25.3684736947389	1.33615484741004	-0.251881479758956	208	468	65.7916428495944	7.93220338983051	3.96084161309176	0.931614376645054	0.525196190569754	1.45541669489218	NA	1047808.97941716	-1.20650756303483	5.17075885482232	92	0.117853691630888	
fh	199	42	4994	9.40608730476572	5.54133292424832	-0.0945228810621337	129	293	44.7174517984778	6.97619047619048	5.09698025551684	0.829564583190886	0.550981620718463	1.47162195575038	NA	783565.840885419	-0.637850939313544	3.8606737347834	73	0.20759394721816	
fh	2	27	3316	6.24638118214717	4.01488256667221	-1.00145870141068	106	192	30.7920752467057	7.11111111111111	6.87179487179487	0.566796057447445	0.648755091062783	0.949389510505419	NA	333915.418666259	1.24036324986439	2.14725321284226	1	0.197449308793898	
fh	20	31	4168	5.33037428023033	5.82156093032432	-1.08118944477917	95	201	36.46443807952	6.48387096774194	4.1247311827957	0.629989887107093	0.699392361111111	1.13392304626454	NA	483068.754872488	1.06260121368459	2.4457045231421	1	0.256849202557749	
fh	200	53	4999	28.1076215243049	-1.0369394798454	-0.757020281402348	207	427	62.6937043195663	8.05660377358491	7.09288824383164	0.949527351043503	0.596772232397232	1.3908757575691	NA	914158.507553488	-0.951971119145097	2.25287322434292	77	0.154071500696527	
fh	201	41	4919	3.86928237446635	7.46108631245385	-1.0144337499962	112	274	49.4675842382387	6.68292682926829	7.5719512195122	0.594290927662275	0.673478835978836	1.13063806504886	NA	774813.293134541	3.41745188016526	4.86889424505346	1	0.334424019143891	
fh	202	60	3463	8.88969101934739	7.62635057824444	-0.980815887217525	258	492	75.141701105121	8.2	11.8237288135593	0.744604870536144	0.658224565983187	1.36687680451074	NA	784932.363875122	0.0366120162513798	3.18386234821287	1	0.280635242995411	
fh	203	41	4962	5.22148327287384	7.3288015871219	-1.16838114709901	108	270	50.5017402197674	6.58536585365854	4.64878048780488	0.687130730134387	0.659408293460925	1.28438764237837	NA	773985.78199042	0.996626114739944	5.11579829498039	1	0.301443509426636	
fh	204	50	4721	4.82503706841771	6.40486851925019	-0.687548041945803	122	336	59.3956258612912	6.72	4.28734693877551	0.602024303048904	0.655246031746032	1.13736022738353	NA	906112.9390105	2.72656942572879	4.50703840291311	1	0.33229601861618	
fh	205	68	4974	17.2716123843989	5.42848944533317	-0.146143910448948	226	536	75.0114670952816	7.88235294117647	3.80684811237928	0.889950834771011	0.402639749034436	1.54842727789814	NA	1260830.73854459	-1.70906546369123	7.46458159510019	124	0.174980302930721	
fh	206	126	4977	41.0954390194897	4.97271703128581	1.36388171523524	350	1010	135.003639607217	8.01587301587302	3.61574603174603	0.963526979662001	0.429102732732032	1.61269001070258	NA	2288605.80002897	-1.78453375913931	11.5811105261546	219	0.121746805727638	
fh	207	56	4973	8.99195656545345	7.12528507712094	0.449918993483567	135	377	61.4850048955624	6.73214285714286	3.54512987012987	0.813081810608455	0.549394741061408	1.494196358946	NA	1052646.99988671	-0.680274979285862	4.02914868291078	106	0.268226107030008	
fh	208	101	4987	32.2695007018247	5.02523320362386	-0.0219456632313496	521	967	111.22045988268	9.57425742574257	11.5869306930693	0.953987655031796	0.443462655336312	1.60321702097093	NA	1839805.80334689	-1.81410219409511	9.46729470389755	172	0.134733427068806	
fh	21	41	4955	15.7360242179617	1.31624981154251	0.211192196442014	102	266	41.6137198669076	6.48780487804878	3.95609756097561	0.886354261524452	0.437331072779989	1.42164505238505	NA	714517.465954368	-1.07330852277573	3.42275700471541	64	0.0580246308572621	
fh	210	25	4963	5.34777352407818	3.92823651572883	-1.30382004417305	74	154	29.7555693742065	6.16	6.64	0.682317818523742	0.702241805813234	1.20763102742608	NA	456870.0526706	0.804424878997596	1.73709149862952	6	0.214951012294454	
fh	213	42	4931	13.5850740214967	2.98856619086573	1.3823899257897	74	258	41.6908784194012	6.14285714285714	2.3205574912892	0.880207726085721	0.3529780891623	1.47097402276601	NA	749682.821601732	-1.16986323745129	4.12370756554848	64	0.107976173499798	
fh	214	62	4997	29.0454272563538	0.34693101537634	-0.545855326038648	236	492	72.4099853778262	7.93548387096774	6.81544156530936	0.949522542716534	0.607948944915646	1.4509854786656	NA	1085147.1384463	-1.14480205816108	3.94345475115605	91	0.123719809046649	
fh	215	37	4991	9.01803245842517	4.59175197090794	0.210497682518242	100	238	38.1510812035224	6.43243243243243	3.1966966966967	0.811605935729358	0.516276325344953	1.41967352497815	NA	685594.397304934	-0.365773017629866	2.11884727725811	62	0.186016629519541	
fh	216	54	4963	30.464436832561	-1.98768503374401	0.798966265399089	132	366	54.6074395552786	6.77777777777778	3.38364779874214	0.967348737048287	0.367465771111604	1.39165035510708	NA	913737.918959867	-0.901582605048921	2.23909744439656	74	0.170132838098866	
fh	217	43	3583	3.72453251465253	7.07885323756936	-1.60634203805689	274	406	65.8394381895883	9.44186046511628	30.1572535991141	0.336381132881402	0.801949069101325	0.615044119796956	NA	596751.310311389	2.39404086328639	2.26577502484895	9	0.342179724760057	
fh	218	61	4941	6.87330499898806	7.79870213518274	-0.127155207192755	193	443	69.9491259819128	7.26229508196721	3.99672131147541	0.662447149589196	0.621861286655502	1.23714642701231	NA	1156414.24662053	0.955358156977816	5.04848459350364	1	0.316119628853582	
fh	219	35	4883	3.26418185541675	7.25172711449398	-1.31019261064396	99	225	43.1490609959365	6.42857142857143	5.95798319327731	0.559935086055721	0.725793650793651	1.06854146621742	NA	657327.994277731	1.86476351014449	3.33128282254869	1	0.335534421258341	
fh	22	62	4988	27.5565356856455	0.860381538238868	-0.380002189006773	248	504	68.9641756574521	8.12903225806452	8.5076679005817	0.943748550195774	0.478051089749382	1.4639501056033	NA	1084532.48379998	-1.22196598435573	5.67234227898199	96	0.114138335003292	
fh	220	65	4898	5.09044507962434	9.68330619501503	-1.55866814950362	332	590	97.2470733073241	9.07692307692308	21.2283653846154	0.617421553538336	0.775174394168594	1.18000687869752	NA	1232607.35798638	3.20139440383023	9.72293955797874	1	0.350482220298006	
fh	221	71	4998	15.0342136854742	6.92863308855198	0.590668682039123	189	511	76.7691281025513	7.19718309859155	3.2748490945674	0.884189571200714	0.526233489807406	1.57901016536301	NA	1323656.08942397	-1.90122069142552	7.71906452137444	126	0.217047271456729	
fh	222	113	4994	37.7923508209852	4.8273669689446	0.014777085247496	426	980	128.431023374256	8.67256637168142	6.72218710493047	0.960553359353601	0.496648669070738	1.59968182453869	NA	2047634.43025642	-1.75130576993973	11.3548545742363	190	0.121723210952131	
fh	223	70	4965	9.57260825780463	8.59471692713037	0.00445506231229208	198	520	79.5565280430976	7.42857142857143	4.74120082815735	0.750196718645425	0.581435762011835	1.38605311731174	NA	1329957.06875421	0.722899215389722	9.00704078996915	7	0.292045213444468	
fh	224	95	4981	34.5619353543465	3.72474456599352	-0.101898793612567	478	908	103.807180838017	9.5578947368421	9.31310190369541	0.955683782022301	0.423002220564287	1.56254964406789	NA	1712084.72787516	-1.55222948175471	7.25730445906496	155	0.1027886336786	
fh	226	26	4580	6.75152838427948	4.20125063233798	-1.31080441927114	106	186	31.6347979910891	7.15384615384615	6.61538461538461	0.700675176352032	0.699417249417249	1.19425567257471	NA	440628.45883562	0.48068955795938	2.14684542671302	2	0.171368050420653	
fh	228	23	4972	3.41170555108608	5.24647130691656	-0.924600661011351	46	124	25.0241670980755	5.39130434782609	3.3399209486166	0.602781902766162	0.641666666666667	1.12029506651389	NA	429722.075342855	4.3400222428391	10.9692003482754	1	0.281300063270733	
fh	229	45	4980	15.218875502008	2.86079514581827	-0.469627610474169	131	317	50.1324258630373	7.04444444444444	5.08888888888889	0.89064196178654	0.511798254655398	1.47451111904206	NA	806577.32138376	-1.28384040468289	5.56009379999225	70	0.0961590601175302	
fh	23	35	4964	9.47280419016922	3.69488132948159	-0.923597664811191	116	248	40.7033638705532	7.08571428571429	7.13949579831933	0.767955836645698	0.559667107583774	1.30535954353012	NA	630571.631364127	0.13906801758167	1.68351018255847	32	0.158437843632393	
fh	230	54	4991	26.940492887197	-0.303193120136434	0.137493409483089	116	370	58.5994133608392	6.85185185185185	2.65688329839273	0.952794975050129	0.426671143671144	1.42938170385411	NA	932649.184893293	-1.03611964545546	2.86936427092421	81	0.143125936084321	
fh	231	30	4928	9.23863636363636	3.4844692214752	6.46252093196403	43	161	28.7196363618685	5.36666666666667	1.34367816091954	0.873021626362144	0.468055555555556	1.48673119691531	NA	534130.352106864	-1.36222119911677	4.30207188327822	51	0.128500128605146	
fh	232	59	4981	31.777153182092	-1.49512292797268	-0.522145792468885	252	510	66.2636047221728	8.64406779661017	6.30216247808299	0.962057689471306	0.451268570250052	1.40538484792167	NA	1011670.14092063	-0.965563195849052	2.36331160818343	85	0.154477022102794	
fh	233	31	3758	4.79004789781799	6.26227238843768	-1.25927729252079	150	240	38.9633554663776	7.74193548387097	16.5311827956989	0.488317968262688	0.771144914113664	0.864240367362015	NA	439511.98968959	1.16238847326125	1.43949961630778	17	0.274279085861373	
fh	234	53	4621	5.94546634927505	8.2374010833025	-0.511922675548544	178	398	61.1056937301554	7.50943396226415	3.56240928882438	0.683755204752457	0.619277974010117	1.28452343299779	NA	947462.410670495	1.56430783861661	7.87534157913429	3	0.316618149620854	
fh	235	34	4997	2.9453672203322	8.34620608172533	-1.72377002981483	153	261	49.9583091902977	7.67647058823529	15.3163992869875	0.547216386873122	0.80812835550887	1.05093721090185	NA	655345.985180142	0.951215292326819	2.47954945215499	1	0.342168312327705	
fh	236	63	4988	5.65276663993585	7.72469973459347	-1.27974827178298	249	515	84.8726367378784	8.17460317460317	8.50128008192524	0.613135529366742	0.75640664160401	1.16043624699278	NA	1208692.46723779	4.06704733830696	10.7752895764503	1	0.339070305382378	
fh	237	80	4997	16.7770662397438	7.91215792011063	-0.0905154327969111	256	620	91.5087267512832	7.75	5.86075949367089	0.892439071037559	0.578286765457758	1.59513805568591	NA	1498790.07923609	-1.97529111663691	7.70577136115374	146	0.219083431987736	
fh	238	118	4984	35.4793338683788	6.1805451456747	0.382614954562456	362	988	131.88609117811	8.3728813559322	4.27002752426481	0.958101154754173	0.493076394241397	1.62840717865825	NA	2164452.29787013	-1.92169823443919	12.1757066392271	204	0.144244409895789	
fh	239	79	4970	9.53219315895372	9.62773389228952	-0.929397961617651	323	667	100.237615341143	8.44303797468354	8.455047062642	0.746460130467975	0.732860036420408	1.39234548233381	NA	1501430.94178392	0.654624439192005	4.9454983627654	10	0.308136087086386	
fh	24	57	4991	30.0158284912843	-1.06109215373629	-0.630404211435555	263	517	65.6755077658617	9.07017543859649	7.78070175438596	0.954751384572431	0.480258601797063	1.40367592133605	NA	978121.453541709	-0.992564657231388	2.36895108089926	84	0.151365729492167	
fh	240	123	4977	34.2208157524613	7.53172011356863	0.701036760919005	518	1114	134.765567584916	9.05691056910569	6.07050513128082	0.961348311790413	0.477206547950658	1.65713116064902	NA	2264793.50606986	-2.09513102635874	16.1992839866802	212	0.168983550383783	
fh	245	27	4990	10.5843687374749	1.33794497249921	3.01625690038326	41	143	26.3812991987458	5.2962962962963	1.52421652421652	0.872731217420596	0.489965986394558	1.40281084665703	NA	471891.582623951	-0.900251164976676	2.84022024307067	45	0.0681939097770715	
fh	246	40	4982	27.2067442794059	-4.66340464613661	0.502349298017205	86	248	41.766505979773	6.2	2.67692307692308	0.956657556948605	0.514596049533723	1.25706056897333	NA	650535.216691501	-0.514654114817162	1.70494173406758	49	0.267027529781394	
fh	247	26	4903	9.71140118294922	1.22001351243974	-0.456414204515742	61	155	27.4229972440061	5.96153846153846	2.27846153846154	0.85376488492132	0.525596198673122	1.3857222268879	NA	457121.70662444	-0.746795222628656	3.66669638937091	38	0.0710347499790931	
fh	248	35	4871	26.3352494354342	-5.81847862783583	-0.780221006245645	128	248	39.3035165430286	7.08571428571429	7.61008403361344	0.961105427594976	0.593395262145262	1.19411524930592	NA	542279.59228944	-0.34233586576432	1.4585838795395	39	0.329537622350177	
fh	25	43	4496	4.46975088967972	8.35914515091507	-0.699682915316795	111	281	50.3011715599157	6.53488372093023	3.63565891472868	0.675652382528779	0.673948717948718	1.28361743273822	NA	741765.647954907	1.16333798781704	5.13133622021421	1	0.324849064875704	
fh	253	39	4919	15.7040048790405	1.17251877803796	-0.849759288378369	109	261	45.682919766328	6.69230769230769	4.95546558704453	0.888812253788019	0.621875	1.40873775115865	NA	679165.190978995	-0.890577656574383	2.97090870445236	56	0.0661458298118585	
fh	254	43	4987	27.8664527772208	-3.65710897259371	-1.15941362043857	215	371	55.025371839433	8.62790697674419	12.0011074197121	0.955916390366892	0.613463151680855	1.28712186699423	NA	711985.629388581	-0.636844658227637	1.78700923269828	55	0.24363963790635	
fh	255	36	4883	8.93282817939791	3.49713965042686	0.609952709814145	80	220	37.110605579992	6.11111111111111	2.9015873015873	0.780330528006137	0.546601581809194	1.35279767896752	NA	644409.324319376	0.524410722161885	4.47313013067179	8	0.181032940901561	
fh	256	48	4981	29.3242320819113	-2.90469261396876	-0.814738447627914	212	390	56.5903424733232	8.125	11.6436170212766	0.963169974982949	0.612426674879416	1.33763036380349	NA	802625.752422417	-0.756037757016766	1.98132564024059	64	0.214358232534154	
fh	26	43	4522	7.7359575409111	7.19870127280365	-0.981847751883217	190	336	52.1396796423337	7.81395348837209	7.82170542635659	0.765646282993001	0.71059022975499	1.38704100835381	NA	737948.894437471	-0.362721328460346	2.90391524567362	78	0.24889077066102	
fh	261	25	4918	10.0174867832452	1.28196052079654	-0.493417023523469	75	155	25.3559782223249	6.2	5.25	0.794722109258506	0.525815295815296	1.23848530872292	NA	435574.355319072	0.333878624301586	2.12248177683008	11	0.0721656041495106	
fh	262	43	4983	29.2191450933173	-5.19107221474656	-1.23837456680257	168	334	55.5020062496069	7.76744186046512	7.80177187153931	0.948691775736285	0.648294634658271	1.23991678148281	NA	705428.897968047	-0.463339856092431	1.72165784418842	51	0.26285728419192	
fh	263	26	4940	9.66153846153846	1.33391439303788	1.57241390547905	40	138	24.468903624879	5.30769230769231	1.82153846153846	0.831654313298038	0.378962703962704	1.34266761927443	NA	448459.741994696	-0.726498139026838	3.11954011908999	1	0.0787425480641335	
fh	264	40	4872	28.5219622331691	-5.51754921924849	3.27396856590943	60	236	41.0421985960756	5.9	1.93846153846154	0.954921634878531	0.425	1.21939435994433	NA	630318.741469806	-0.401274326836901	1.5795636125479	47	0.293661225901371	
fh	269	51	4954	14.0092854259184	4.71340263050621	0.306039893291731	125	345	53.786270014857	6.76470588235294	3.74352941176471	0.878408099614493	0.499847073216638	1.51144861438102	NA	926406.732690901	-1.14925014817673	2.99392753795221	84	0.155466833377985	
fh	27	40	4987	4.0707840385001	7.84572965626853	-0.467730858725408	90	256	45.2493858168637	6.4	3.42564102564103	0.628489200125454	0.595391414141414	1.19315478276625	NA	765422.54828066	1.48980818906068	3.59041590899968	1	0.327027159022031	
fh	270	51	4990	29.5094188376754	-2.19472683967637	-0.437408056907751	192	390	56.514406974526	7.64705882352941	6.43294117647059	0.963435734213525	0.50063946425839	1.37011559753169	NA	863239.847137371	-0.833325894761366	2.10502666524644	70	0.19242590877921	
fh	271	38	4969	8.24411350372308	5.27301970863756	-0.123025229109362	87	239	41.5339742036443	6.28947368421053	3.40042674253201	0.801377931511073	0.538601270805218	1.42572859839111	NA	701721.879485956	-0.150771435603617	2.806383797613	68	0.2118464046234	
fh	272	48	4963	29.8793068708442	-3.53264083791312	-0.374056765451262	166	350	53.3573654002657	7.29166666666667	5.7854609929078	0.963931854589208	0.549043264648855	1.32723574383247	NA	795724.548098065	-0.732080434149157	1.9435718657431	67	0.205610763606728	
fh	277	34	4905	13.5916411824669	1.57983031466476	-1.31524306881121	128	244	43.0083130308421	7.17647058823529	7.72549019607843	0.876764406068238	0.725995330349046	1.39244100136884	NA	588419.690042133	-0.815641805080373	2.58052914160438	53	0.0841576356145501	
fh	278	44	4973	28.3434546551377	-4.18600821201724	-0.263751459590815	108	284	49.8340747567489	6.45454545454545	2.85835095137421	0.957481393180681	0.631026584526585	1.29377042874612	NA	719434.191197274	-0.5767206430636	1.86697660280204	54	0.234252687515115	
fh	279	25	4893	7.80134886572655	2.99473528466834	5.57730784401536	35	127	21.8369978050063	5.08	1.24333333333333	0.838139519040807	0.326675849403122	1.42131581837721	NA	439760.439298976	-0.68717586853867	3.09123543262365	42	0.12005899736394	
fh	28	63	4999	5.78395679135827	9.37942785767506	-1.57553472348057	314	552	93.3504071302765	8.76190476190476	16.2488479262673	0.629953230789527	0.797852828865681	1.19220783511543	NA	1212532.22535363	0.656523832809073	2.98745952048132	1	0.336987922026466	
fh	280	41	4969	26.6125981082713	-4.20554596131278	-0.266843892512529	99	267	44.914003160869	6.51219512195122	2.95609756097561	0.94530012909306	0.514753503075872	1.26572092653464	NA	666874.058363915	-0.554162119661045	1.79705334065783	51	0.240428878986368	
fh	285	56	4978	15.6657292085175	4.30843324462198	0.045779586200962	157	399	60.64198928791	7.125	4.475	0.874176245610557	0.483592592592593	1.4950515437458	NA	1017341.93576291	-1.42160097323056	7.59371275525046	92	0.149051595546722	
fh	286	58	4959	30.316596087921	-1.02817513421661	-0.547140730801013	207	459	67.1402828398613	7.91379310344828	4.50120992135511	0.957606639415988	0.574333515159388	1.41306865803785	NA	989554.387571363	-1.00958860374687	2.41911089667857	85	0.14912048481913	
fh	287	39	4964	10.574939564867	3.87427655696817	0.419109269648765	89	247	39.775696451697	6.33333333333333	2.28070175438596	0.839910513592604	0.371841312282489	1.44639242601412	NA	715412.571282797	-0.893398330332521	4.71592068100916	65	0.160255774034388	
fh	288	48	4981	28.160811082112	-2.38785622371717	-0.678862281182196	148	344	55.8100185970344	7.16666666666667	5.0354609929078	0.961303129195909	0.581115208764665	1.35887157312008	NA	807845.487756123	-0.821355940098711	2.07879472934216	66	0.190619783025987	
fh	289	20	2847	3.9933263083948	4.93761746256865	-1.2375826610386	48	108	21.9890454346368	5.4	3.93684210526316	0.652585362246501	0.711111111111111	1.17705357392563	NA	210884.598377829	0.905071707419351	2.12002669095257	1	0.231540635398376	
fh	29	68	4998	15.9947979191677	6.01438202067147	-0.259092766434193	210	526	77.3079073725669	7.73529411764706	4.13784021071115	0.87834835426708	0.533652940185125	1.5442485230687	NA	1264430.82377333	-1.65111890761285	5.77381705090383	121	0.193579143526186	
fh	290	20	2562	4.03786104605777	4.72123658559061	-1.88317985183908	155	197	35.6510047330856	9.85	26.6605263157895	0.277180656559431	0.895701058201058	0.404588604761167	NA	191969.494181986	2.85383936039741	2.41489473976792	2	0.229313898515228	
fh	292	32	4747	4.1643143037708	4.84157379358519	-0.5012692532729	79	195	35.0419406697362	6.09375	3.63608870967742	0.59840935191666	0.640488591269841	1.11212093853762	NA	574367.764815205	2.53353493468385	3.37611244289561	1	0.298661937991696	
fh	293	34	4992	13.8475560897436	-0.300529964861484	-0.739412950499718	95	223	38.0330539974339	6.55882352941176	5.10249554367201	0.857417500799854	0.554116891854781	1.34529892785491	NA	598166.180936495	-0.463243957558197	1.97029252206126	49	0.0477698717552806	
fh	294	65	4993	31.6621269777689	-0.809302378400984	-0.618980160840802	229	507	77.3259998146462	7.8	6.725	0.954969168374185	0.576265961223037	1.44193440584262	NA	1122996.38526004	-1.10275518578282	3.81530404195055	99	0.0923564473878099	
fh	295	38	4996	8.73158526821457	4.72231306416808	3.16528632899758	61	223	36.6315524941883	5.86842105263158	1.90113798008535	0.829326619190089	0.350447196422429	1.4690206940327	NA	705306.735620818	-0.979253021029586	6.75582847780527	5	0.201213130151297	
fh	296	60	4964	31.0253827558421	-1.28651123272599	-0.807086697654481	242	494	72.3973071672783	8.23333333333333	9.26666666666667	0.949109179311381	0.572587186151294	1.4009884700681	NA	1028387.55735501	-0.947594984915133	2.38032908808109	86	0.125022899374469	
fh	297	40	4780	4.42133891213389	8.25962857911296	-1.23200007079282	170	298	50.3844605296336	7.45	9.9974358974359	0.623585720416264	0.77924969290816	1.17412131854164	NA	737037.688947959	0.479645314672839	1.90590065847977	33	0.318263287181187	
fh	298	51	4403	7.63729275493981	7.00267606555415	-0.791526015741371	195	379	61.1911820024497	7.43137254901961	6.81019607843137	0.650152970568195	0.717221914889258	1.17912008688944	NA	849449.838276272	0.973960681965237	1.9598485554189	14	0.279045921652381	
fh	299	32	4889	3.36326447126202	7.17006024675921	-0.808498057683979	71	191	36.441138435692	5.96875	3.70866935483871	0.603310839343094	0.665998329156224	1.14832999710836	NA	599491.991984398	3.6237991636042	5.74041627890426	1	0.323694745257596	
fh	30	113	4994	31.3354024829796	7.12447613713379	-0.173966161060571	453	1017	129.636690723272	9	6.48214285714286	0.949035872123666	0.508678870039349	1.63445202496966	NA	2091347.99300913	-1.9896039392648	7.96610188657388	194	0.165078516779309	
fh	300	65	4967	4.74370847594121	9.08778137654139	-1.56469820117679	404	648	100.196880589225	9.96923076923077	30.9990384615385	0.570780226417432	0.773955552604407	1.0914608606727	NA	1250947.01963747	0.858160439629166	2.82984678565697	1	0.355816629585438	
fh	301	88	4976	17.6858922829582	8.06309353821523	0.102242362771539	278	698	99.188282682806	7.93181818181818	5.60449320794148	0.896929504043652	0.512528905211043	1.61122181215318	NA	1640626.7715503	-2.16521240298486	9.13824946901199	157	0.227820711314554	
fh	302	119	4974	36.7060715721753	5.31313311244458	0.380783923950655	495	1059	129.189425694111	8.89915966386555	7.97279589802022	0.956150618739451	0.440181397517914	1.61649942498675	NA	2172273.52231869	-1.8715072714832	12.0877234261686	209	0.130539158378745	
fh	303	78	4989	10.9454800561235	9.55480293421875	-0.718003407294343	306	658	95.1358236428136	8.43589743589744	7.26207126207126	0.790984454844948	0.622264019719279	1.46217977833596	NA	1494800.13295606	-0.0898206015887647	4.76447508695108	12	0.288470092598336	
fh	304	101	4997	34.514108465079	4.34335394333938	-0.332991465364276	545	999	115.320333714617	9.89108910891089	17.0580198019802	0.957258751290378	0.49027714453858	1.587234012049	NA	1833028.94343828	-1.74664924668028	8.20063048124924	169	0.126642476812925	
fh	306	36	4755	5.74700315457413	6.0485416555507	-1.85564941766595	298	394	65.5257913259777	10.9444444444444	32.3396825396825	0.456740607213793	0.908392940509537	0.788808222627037	NA	652463.275969662	2.19351510510473	1.85101325111682	1	0.269157783468586	
fh	307	21	4869	3.38057095912918	5.32143347264693	-1.81520827230051	88	142	28.9671120138422	6.76190476190476	11.6904761904762	0.523737151463584	0.851048752834467	0.951090773384628	NA	383914.582826264	1.01122570867815	1.60094165860491	1	0.269653526375397	
fh	309	45	4987	14.0483256466814	2.77711324946923	1.63572796985946	81	279	45.3845897105626	6.2	2.11818181818182	0.880108889172454	0.388149350649351	1.48011059602773	NA	807770.687739436	-1.35555281717316	6.79825244401637	75	0.116984236016624	
fh	31	83	4991	8.91725105189341	10.3586889959197	-0.364532716099969	307	685	98.0711100654547	8.25301204819277	5.65471642668234	0.7563791727843	0.558371086278063	1.42478957319035	NA	1606418.66813518	0.250256290482195	3.28102399654499	158	0.321360000323168	
fh	310	64	4971	31.1229128947898	-0.104849767795659	-0.057485511229988	173	465	70.3460158282227	7.265625	4.54737103174603	0.962325336156054	0.469413522536744	1.45789903399473	NA	1110297.64028801	-1.12000489950867	3.0926029535269	94	0.13631018965844	
fh	311	41	4928	9.08482142857143	4.96079400192162	-0.143944187621986	86	258	45.6478512452947	6.29268292682927	2.11219512195122	0.757689756889452	0.541652742968532	1.32947205186788	NA	758235.479048618	0.158798453085897	4.87876299336674	2	0.207215749531572	
fh	312	64	4998	30.4631852741096	-0.192348464472262	-0.68103762063827	307	573	75.5397031814618	8.953125	6.71205357142857	0.952417673418574	0.528032960535673	1.44848200497548	NA	1121444.5249384	-1.15476322585319	3.94566700748663	100	0.0967094870949234	
fh	313	36	4593	4.3736120182887	6.32753964785038	-1.68804955024248	273	373	59.0729393024482	10.3611111111111	42.9230158730159	0.45298262711718	0.845865562133944	0.820978823079997	NA	630199.783586852	1.23644448035475	2.02348495628771	16	0.307307537254292	
fh	314	52	4991	6.64836706070928	8.07411819982682	-1.08759210828207	177	387	65.3179054894116	7.44230769230769	6.68288084464555	0.683081583048582	0.695041848832171	1.26759932584533	NA	990655.959679097	0.513360906939896	2.23097910046658	40	0.300943547278586	
fh	315	45	4902	3.44920440636475	9.60778772903457	-1.57728407554256	243	401	67.7464455399741	8.91111111111111	18.810101010101	0.576324443949903	0.812387421008111	1.10931082724985	NA	855689.216327787	2.56180111211831	4.7472351327034	1	0.352147773176428	
fh	316	63	4716	6.78011026293469	7.95715808661954	-1.70613236961174	312	558	97.2284235871193	8.85714285714286	15.221198156682	0.639362703776231	0.799965540623963	1.19498180524775	NA	1134311.10275661	0.894066295975284	3.16570544622664	1	0.321175962160174	
fh	317	87	4959	16.3980641258318	8.3292728506316	0.410311705259461	256	676	95.8005568974306	7.77011494252874	4.03956161454157	0.875138444790182	0.500856149927357	1.58031188451308	NA	1634054.19286172	-1.71857426292628	5.27868686594447	157	0.240313264285318	
fh	318	115	4988	32.6882518043304	6.75546571592208	-0.507435118929888	700	1252	136.231891650736	10.8869565217391	11.1011441647597	0.946724801613881	0.522574624064635	1.62253699079277	NA	2121838.19470788	-1.91599275469885	10.2757635852171	193	0.149329810018089	
fh	319	64	4981	9.26038948002409	6.81904315940813	0.467133483927006	169	451	70.6442399554812	7.046875	3.72792658730159	0.751441589149881	0.596805774124323	1.38256719114684	NA	1202662.79052882	-0.525292601845168	5.9556423604551	1	0.284103174359158	
fh	32	116	4986	35.2565182511031	6.31320379422212	-0.214399662313638	675	1237	130.929055098244	10.6637931034483	8.8859820089955	0.958951120107816	0.466475508200637	1.6270325441257	NA	2124897.36359823	-1.91360325631531	11.578205235495	196	0.146754451530326	
fh	320	91	4986	33.5685920577617	3.5388593224224	-0.607131347178605	572	976	108.01674224023	10.7252747252747	13.179242979243	0.955257186544792	0.505895693443843	1.55719715633486	NA	1640303.72046654	-1.59181176626506	8.73820712643332	149	0.110031442086452	
fh	322	21	4969	5.37512577983498	3.87229705076094	-1.16394143879348	53	121	23.2193355472801	5.76190476190476	3.39047619047619	0.696297041658281	0.600252525252525	1.2024679844303	NA	385505.593390221	0.979872757473005	3.38598220592519	1	0.174674725389407	
fh	324	25	4519	3.51383049347201	5.42177579307247	-0.0304171726539866	52	136	25.6681934813005	5.44	2.50666666666667	0.583682968208306	0.649179292929293	1.08430918284552	NA	425988.403228762	1.57265360087479	2.58714292903048	1	0.288243540245654	
fh	325	42	4989	14.8009621166566	2.21232678633266	-0.882939203067526	147	311	49.5626110445633	7.40476190476191	6.73461091753775	0.860366907079431	0.605486542443064	1.40080118664824	NA	757982.963209471	-0.824428753840134	2.8825227372135	63	0.0813991246433381	
fh	326	64	4974	30.9318455971049	-0.0554047869874963	-0.117597851817801	214	488	70.7094230907418	7.625	6.01587301587302	0.962741673368181	0.48342160108912	1.46179495958663	NA	1111452.92603676	-1.14862108962981	4.22444869294001	97	0.124874193551293	
fh	327	40	4941	9.61667678607569	4.87451167122292	2.36518030691498	79	239	40.4733210967787	5.975	2.48653846153846	0.830369643848697	0.480612589165221	1.45802415927615	NA	727175.445220575	-0.558578824433349	2.70676088095584	74	0.189179021249203	
fh	328	64	4980	30.8367469879518	-0.126000379239078	0.136717216012572	185	473	68.9668729768454	7.390625	4.33705357142857	0.95396616226812	0.392021480459046	1.44562712793431	NA	1111842.26516768	-1.0944519834145	3.47966330543123	91	0.133020096090703	
fh	329	39	4771	4.85810102703836	7.96214071958541	-0.282158289496121	103	263	42.0941237707711	6.74358974358974	3.82726045883941	0.645365853244594	0.484032999164578	1.20464692341933	NA	716069.56970494	1.78626361146513	4.63311606865906	4	0.304230066983551	
fh	330	54	4796	7.75979983319433	7.69782022274305	0.0812852805943333	172	402	58.1736647405975	7.44444444444444	4.32704402515723	0.723642285179415	0.465226329226329	1.33207520697391	NA	990475.190025171	0.503244612355509	2.84969729764693	16	0.285096763073528	
fh	331	42	4949	4.45867852091332	8.15010966991578	-1.40564753208128	171	317	56.3277904934491	7.54761904761905	13.6196283391405	0.634860478154763	0.775319819069819	1.19964442485256	NA	797009.18569633	0.62977900989344	2.75511449550853	1	0.322637747581836	
fh	332	76	4880	4.55532786885246	9.58323895453851	-1.63976281284613	501	797	123.478094040149	10.4868421052632	33.5864912280702	0.559294434857636	0.844456362993515	1.07827843520428	NA	1445179.55131575	2.27725858244113	4.86681813974784	1	0.36885823539437	
fh	333	91	4996	16.5968775020016	8.15263492421641	1.07175179801794	211	673	100.490065587675	7.3956043956044	3.01953601953602	0.891405285400482	0.474173691805271	1.61840426300526	NA	1710765.36163169	-2.38662964879436	11.8088301441613	164	0.246413490731769	
fh	334	102	4978	34.9272800321414	4.50364689484277	0.260536968723791	327	849	112.179813386971	8.32352941176471	3.96359930110658	0.955742249005701	0.439230094981553	1.58333226700827	NA	1845498.59762216	-1.63554920538751	9.71466180906705	160	0.111143401172491	
fh	335	66	4992	10.5604967948718	7.88208295060153	-0.0306319907411479	172	470	76.651398889145	7.12121212121212	3.49277389277389	0.823611391279661	0.638079874660757	1.51158965325143	NA	1243830.96391968	-1.41747705452971	7.59728929657381	119	0.268789232789507	
fh	336	101	4998	32.1896758703481	5.60547710535824	0.180333890532796	379	875	111.194201327653	8.66336633663366	4.90554455445545	0.955666860803727	0.442326005095461	1.60739436072936	NA	1850392.65623671	-1.8188917324077	12.2156020459407	172	0.141156123084336	
fh	34	28	3282	6.97410115783059	3.03469438802254	-1.48100853501167	164	240	38.7989214690133	8.57142857142857	20.4021164021164	0.575208206378225	0.801515238233988	0.946047105218341	NA	333272.81929638	1.1891595673225	1.44724952304209	8	0.180362762422083	
fh	341	28	4995	11.2634634634635	0.811964653987141	-0.438951501186626	60	164	29.4568374655682	5.85714285714286	3.46031746031746	0.858681432755507	0.554945054945055	1.36154794525165	NA	484877.121237273	-0.885435930425902	3.41037205611554	42	0.0520795510500857	
fh	342	38	4904	26.4502446982055	-5.03368141365612	0.930570317440839	87	235	37.5096220132423	6.18421052631579	3.99217638691323	0.950703869921265	0.427416580667355	1.22974413238687	NA	602859.894863432	-0.457566062921364	1.62926288280579	45	0.280227379816312	
fh	343	22	4969	7.75145904608573	1.66118879116635	5.81020565751651	29	107	18.8531320275455	4.86363636363636	1.36147186147186	0.809673656322882	0.30588474025974	1.32803180382825	NA	383739.041401569	-0.0668545618530514	1.63930753193567	35	0.0880801438758096	
fh	344	39	4956	28.773204196933	-5.70849444262829	-0.629135169272671	117	261	44.1755026717911	6.69230769230769	5.69230769230769	0.967731965724829	0.622663690476191	1.22023416454409	NA	621762.61252038	-0.400485783089689	1.54054365391252	45	0.31787889277435	
fh	349	48	4979	16.7766619803173	2.24877005669705	-0.997120705000678	223	395	59.1789309105783	8.22916666666667	11.4995567375887	0.876263996729526	0.690231630788696	1.43176859045393	NA	856853.939723542	-0.940834583396144	3.09749806447402	78	0.0825584264508763	
fh	350	52	4973	27.142368791474	-0.90166134998722	-0.827349010679334	250	438	62.0004124274617	8.42307692307692	10.9155354449472	0.949648463694903	0.6603066643324	1.40016458186984	NA	887544.185425012	-0.961130945899343	2.29447758817718	76	0.148102524777773	
fh	351	41	4940	7.60141700404858	5.47532124263942	0.89760091679795	88	256	41.9322430448819	6.24390243902439	3.3890243902439	0.763119630690234	0.436765792686845	1.37800882191234	NA	754826.653676742	0.437320550726168	3.44914502128212	15	0.243396345251642	
fh	352	49	4996	28.0954763811049	-2.14313969530637	-0.159174665792694	152	352	52.5687560526681	7.18367346938776	4.73639455782313	0.957145648491582	0.441746079482374	1.36371769236695	NA	831442.611993559	-0.856601831236999	2.11087477527449	68	0.178697733968301	
fh	357	29	4995	12.5249249249249	0.676651428449645	-0.895922969635714	78	180	32.6335186121041	6.20689655172414	4.59852216748769	0.879509558819904	0.601446886446886	1.37105350965	NA	506207.50121099	-0.736411731860086	2.31316548995283	42	0.0590223760960691	
fh	358	33	4966	26.3801852597664	-6.39407002413577	-0.437023397667358	104	222	34.9685942432094	6.72727272727273	4.57954545454545	0.974208328756758	0.503174603174603	1.17305949688653	NA	517974.392829813	-0.290941343977262	1.34939507904647	36	0.371587845872727	
fh	359	27	4919	9.86318357389713	1.11228670756849	2.14248461810044	46	144	25.0959110029344	5.33333333333333	1.92307692307692	0.84301698918491	0.437698412698413	1.37052234589317	NA	465561.045602441	-0.553800063864396	3.00056400989193	40	0.0676407143410743	
fh	36	33	4762	3.88891222175556	6.13078161624299	-0.585406782853116	74	198	37.0614157008441	6	2.75	0.575226222748272	0.625308641975309	1.07648430685232	NA	597732.973587805	1.37949549002315	2.69565318181212	1	0.31095093508285	
fh	360	33	4924	24.6413484971568	-5.74751077559775	-1.2614563497822	114	228	41.0211599232528	6.90909090909091	5.71022727272727	0.954422756197228	0.700848765432099	1.18805419296382	NA	519181.826583782	-0.328162907803021	1.45528326417016	39	0.321808854965507	
fh	365	51	4897	13.8697161527466	3.91471752564131	-0.228164771929247	145	365	55.8726919306152	7.15686274509804	4.21490196078431	0.829128357898193	0.560331446331446	1.41473231742206	NA	916257.343117731	-0.584925703507514	2.58369423172143	80	0.156841541303229	
fh	366	55	4978	29.2320208919245	-1.2765576166804	1.26619688690882	136	372	56.3694111189527	6.76363636363636	2.7023569023569	0.958287305896788	0.439896481723405	1.40654619367007	NA	936682.192604615	-0.948386858100516	2.38676905861878	77	0.165725129641594	
fh	367	41	4962	9.47158403869408	4.96155590426344	0.791695262945114	82	254	42.616399310745	6.19512195121951	2.4609756097561	0.832457162237886	0.506662489557226	1.47106453490977	NA	750496.922618737	-1.11279137216674	3.84620837985158	2	0.197782515138337	
fh	368	53	4977	31.1866586296966	-2.43663174432183	0.188970405431108	132	368	55.7564831492412	6.94339622641509	3.74673439767779	0.964610794560639	0.412110100044883	1.36155377005288	NA	893864.117413456	-0.831375394278193	2.09318808925619	73	0.200852664902613	
fh	37	46	4993	14.7123973562988	3.27439409699289	-0.568775761747591	135	325	52.4671149565747	7.06521739130435	4.37342995169082	0.883474545523153	0.56189428160772	1.47829760199077	NA	827160.202568632	-1.38902494838588	7.51789760397561	76	0.111710497936042	
fh	373	22	4847	11.4627604703941	-0.848292097492213	-0.551954094304452	54	122	22.4439502684832	5.54545454545455	3.78354978354978	0.850797163774263	0.638181818181818	1.23135293240033	NA	365680.041857824	0.0488056169821759	1.2460985133428	33	0.103850092822794	
fh	374	36	4933	25.1303466450436	-4.77750342789697	-0.505445416026253	110	258	38.5854542735786	7.16666666666667	4.48571428571429	0.950791398389209	0.375505300159279	1.22921677643399	NA	580079.383938762	-0.463905397342924	1.60064670693147	43	0.280946685147271	
fh	375	30	4911	8.43860720830788	3.03176588460056	0.54908549906192	54	170	30.1103850733378	5.66666666666667	2.09195402298851	0.790910856931542	0.447301587301587	1.34778103426259	NA	532019.458391575	-0.00471886027330739	2.16355325553286	54	0.148742975522328	
fh	376	39	4937	26.9949361960705	-4.97717189964731	-1.51902289899979	141	283	52.4947489207769	7.25641025641026	7.56410256410256	0.951123699777794	0.757541847041847	1.23399052255272	NA	624732.227081486	-0.444345014456525	1.62299093275506	47	0.268473114500034	
fh	38	60	4980	26.3220883534137	1.23120433659558	-0.64249979031097	255	513	70.3396967943007	8.55	5.67542372881356	0.943467655934472	0.528770881895882	1.46999735160552	NA	1059012.17838082	-1.2624288677157	5.96151327595191	92	0.119205435790359	
fh	381	50	4994	13.7032438926712	4.28060613145513	0.218373456581959	134	348	52.0969619126485	6.96	3.38612244897959	0.844768497707453	0.365989071315158	1.44473446470128	NA	914918.3571852	-0.782788917974357	2.90445870623004	84	0.15473188213111	
fh	382	43	4994	25.9267120544654	-2.51306896976922	0.203278099840585	107	283	44.2237090492915	6.58139534883721	5.24916943521595	0.965571088406863	0.415113636363636	1.35338608010284	NA	721060.486164518	-0.804041880228154	1.99122118243645	58	0.204943615299407	
fh	383	43	4935	9.28308004052685	4.96929951455587	0.201132486924505	105	277	46.378408120672	6.44186046511628	3.44296788482835	0.781894192610246	0.553507471364614	1.38264951370618	NA	783668.098241778	0.0804299391506072	6.65213856807092	18	0.2129111776467	
fh	384	51	4987	28.7525566472829	-1.88005777539285	0.410967255241106	113	339	53.8491169237793	6.64705882352941	3.07294117647059	0.960352131227466	0.449361171236171	1.37917444762323	NA	864034.589088572	-0.889999864409108	2.19488981703383	71	0.181747409815371	
fh	385	25	4252	4.17474129821261	5.04979691567261	0.378132431181	51	135	25.4568843876333	5.4	2.16666666666667	0.652383192223267	0.596289821289821	1.19641377247041	NA	398468.558437236	0.734869942877867	2.2993424935363	1	0.26180710805603	
fh	386	26	2655	6.46214689265537	4.0296884962706	-1.74100530475494	141	211	38.9146164517951	8.11538461538461	22.6661538461538	0.633416195856874	0.798465269298603	1.0689023300469	NA	251520.658399116	0.720113828305322	1.5888188961582	17	0.180252648728558	
fh	388	28	4867	3.52332032052599	5.84766811734817	-0.0130398764590503	61	159	28.8507016619978	5.67857142857143	2.96693121693122	0.576450514913634	0.60373495552067	1.07870735296254	NA	517667.835592662	1.5880947374875	2.58612650063652	1	0.30296389139432	
fh	389	49	4993	15.3208491888644	3.70851022656343	0.0741451087220461	149	355	50.9805812273087	7.24489795918367	3.98044217687075	0.898356678942356	0.435048309178744	1.51380936747871	NA	896677.408498686	-1.38562676927001	4.47692630232049	79	0.120494339531604	
fh	39	37	4993	10.5269377127979	3.40456204307952	0.562400082370115	77	227	38.0614259602649	6.13513513513514	2.67567567567568	0.816171168163958	0.491040305010893	1.38644086500401	NA	678587.688481544	-0.139060285787312	3.74726822038498	61	0.146467511508386	
fh	390	63	4991	30.4085353636546	-0.234893891973514	-0.23664158512482	195	481	70.945516618513	7.63492063492064	4.6226318484383	0.950058184609409	0.522265115153046	1.43719143490541	NA	1095362.42042412	-1.13102868211741	4.43314461502268	95	0.122042201430535	
fh	391	47	4974	9.72838761560113	6.18575471938006	-0.577736729699846	125	327	54.1931923939632	6.95744680851064	4.47641073080481	0.793360627901536	0.542141192141192	1.41199492151145	NA	877640.342366167	-0.0456861993316951	2.95930170649755	21	0.221973446715	
fh	392	67	4975	30.3380904522613	0.827465394511276	0.148567222019436	235	517	72.6125395443113	7.71641791044776	6.35775667118951	0.958662512017346	0.475449744087265	1.48388225016631	NA	1174380.71244069	-1.2413092029235	6.546885594358	102	0.123778942886841	
fh	393	46	3823	3.92859011247711	8.13983132118298	-1.56537503936457	202	364	64.6711054359006	7.91304347826087	10.2589371980676	0.561877575468086	0.783643421795596	1.07030916594087	NA	680645.874672714	0.827116499140111	2.460147020906	1	0.343392627104597	
fh	394	63	4847	7.6195584897875	8.42604163897876	-0.976007452644096	253	507	79.2346684227696	8.04761904761905	7.78801843317972	0.72175186408134	0.716152066887361	1.34743054899273	NA	1166683.84064283	0.652522145535159	6.15580441713552	9	0.307851387130764	
fh	395	38	4832	3.3516142384106	8.2049334056684	-1.54499494059468	167	295	52.6698859293816	7.76315789473684	16.2396870554765	0.563032839392198	0.808198684843422	1.07667531770181	NA	708172.909988045	0.819966824820897	2.57566490749017	1	0.340596385289518	
fh	396	58	4781	4.10374398661368	9.87701877491299	-1.79913068746629	561	745	112.320068611746	12.8448275862069	61.1860254083485	0.551176497309311	0.879949135063924	1.05701353134571	NA	1077139.65869493	0.952120345149621	3.06715804850405	1	0.358042553318781	
fh	397	86	4977	15.1862567811935	8.67197982338466	0.751408452071206	241	655	94.5532084611382	7.61627906976744	3.95690834473324	0.887692853610878	0.457976458217525	1.61789493451785	NA	1614478.95518251	-2.27100967983128	11.3935860564892	153	0.252212378807865	
fh	398	115	4992	35.0687099358974	5.54870945839526	0.00663377637312452	499	1053	129.101130426903	9.15652173913043	8.62440884820747	0.954740368724207	0.488859750143937	1.61766573395546	NA	2096525.66537826	-1.93460963331789	11.0846001313599	202	0.1384335715568	
fh	399	67	4987	7.98536194104672	8.90847946286815	0.337877820270274	175	481	74.7323900449133	7.17910447761194	3.45228403437359	0.703911853315227	0.54704874803559	1.31177424941213	NA	1276277.19748303	0.454918001130186	3.1314467676995	123	0.309612253401747	
fh	4	22	4688	3.40720989761092	4.34386130641118	-1.11303341021497	51	121	24.2537282432139	5.5	3.97619047619048	0.582727568222449	0.686480186480186	1.07526390983412	NA	386529.080839633	2.23182045351769	2.44304902176381	1	0.275238232365991	
fh	40	71	4985	31.5237713139418	1.08479349911777	0.305407192116645	211	533	76.6279324713586	7.50704225352113	4.36780684104628	0.949104940576256	0.455523155844136	1.47252590598546	NA	1251528.59306102	-1.22062240864156	6.26690968679127	108	0.131362855263641	
fh	400	90	4999	32.751150230046	3.6508265744503	-0.398690367828473	397	813	104.585751597206	9.03333333333333	7.8752808988764	0.952261713266498	0.562055876643587	1.55641568336268	NA	1623033.88976995	-1.56817917481575	7.33291390876143	149	0.110565286841272	
fh	401	21	1653	4.17664851784634	3.66924624106072	-1.22294163971612	61	121	23.4937723929819	5.76190476190476	6.99047619047619	0.556313196785066	0.701479076479076	0.977057235182154	NA	127471.165090786	1.18390628087295	1.68784186701553	9	0.23174507119839	
fh	402	24	4899	3.6137987344356	6.09970344374698	-1.72435122161877	94	160	32.0402630991973	6.66666666666667	10.7536231884058	0.611458712366617	0.844081439393939	1.13287557599684	NA	444242.406271996	0.897149510277186	1.85862827026765	8	0.278623511188648	
fh	404	22	4913	3.13291268064319	5.53742008207623	-1.37751908243157	58	128	25.8143759914786	5.81818181818182	5.67965367965368	0.5859919305879	0.727564102564103	1.09530999975431	NA	407273.1108431	4.4861562171604	11.1512857078193	1	0.287706287682706	
fh	405	42	4952	14.0022213247173	2.65224294596824	0.163369933970545	98	270	44.3766228629891	6.42857142857143	3.37282229965157	0.887671706453967	0.525353155616314	1.47578493175982	NA	746055.028094	-1.32243621828624	6.15034333842176	65	0.0966282683499676	
fh	406	75	4951	33.9022419713189	0.558819715033371	0.85992984513398	188	546	80.222602151993	7.28	3.12324324324324	0.953906627289782	0.450437240564052	1.47300841920326	NA	1306654.60003307	-1.21146498671291	5.12242808391133	116	0.100811721370973	
fh	407	32	4934	6.80259424402108	3.64349710293671	-0.891256107688717	90	204	36.6136382541874	6.375	5.98387096774194	0.711134965414438	0.658668154761905	1.25469406612757	NA	579136.819001738	0.785870247543889	2.52849501860999	2	0.216215689858875	
fh	408	63	4994	29.4727673207849	0.45208930139292	-0.237962189451995	206	470	70.3481746074921	7.46031746031746	5.41372247823861	0.955950109921973	0.555323644609359	1.46428333354863	NA	1104300.62958137	-1.16491530985384	5.08602362876947	93	0.132427716877496	
fh	409	38	3737	6.61332619748461	5.84162413662221	-0.74819710358855	135	273	43.2405388268092	7.18421052631579	10.1543385490754	0.624988818515853	0.541750018986861	1.11290966642318	NA	531012.878035741	0.815519241565483	1.73428017873677	20	0.254761860050728	
fh	41	37	3427	6.13918879486431	6.42542460264473	-0.704591260403443	102	244	42.1845681622445	6.59459459459459	4.69219219219219	0.676975195212721	0.623342670401494	1.22778686045411	NA	479540.58989033	1.02522874134386	2.51728977211895	6	0.262872738501715	
fh	410	59	4806	7.26300457761132	7.7976505893862	-1.06637456739959	227	473	75.059149455107	8.01694915254237	14.947983635301	0.707229031118077	0.637654138790502	1.31764167960302	NA	1084190.21462177	0.793789401512627	3.46755797701385	1	0.305694987482647	
fh	411	37	4915	3.5471007121058	7.8931698007521	-1.3267667897311	102	244	46.265079435365	6.59459459459459	4.8033033033033	0.606900797033045	0.700224292615597	1.15870699919948	NA	699045.151240598	4.4326647955431	7.1297924472407	1	0.332929173170864	
fh	412	65	4912	6.29295602605863	7.81393147322052	-1.24801425165859	233	527	86.7978535664228	8.10769230769231	10.2538461538462	0.626416566180155	0.684249506719561	1.17920147503031	NA	1225087.45227386	2.04157942768016	6.4836973655215	1	0.331982051891324	
fh	413	89	4964	17.9611200644641	8.07698596790962	0.34802143609788	330	740	96.9588069415011	8.31460674157303	6.21807967313585	0.889166194763688	0.478745133380869	1.59455053788401	NA	1664761.48052128	-2.07604414798777	8.96558763934445	157	0.226986422181566	
fh	414	135	4999	36.1378275655131	7.49022226234895	-0.192329206354372	671	1335	156.067204397339	9.88888888888889	9.02487562189055	0.951363318545412	0.505543208450827	1.64660257136042	NA	2496749.95624551	-2.09737781200541	12.2739976463029	238	0.164673919557585	
fh	415	71	4875	11.5708717948718	8.15796749877392	-0.428162590338553	201	525	84.3632300154449	7.3943661971831	4.55653923541248	0.813137450343084	0.642171687554203	1.48572530070405	NA	1309905.84231657	-0.459085147389439	4.67683229903636	129	0.26582673470465	
fh	416	104	4996	35.2101681345076	4.63654726396319	-0.28607351256437	465	947	119.911906713103	9.10576923076923	8.1343353248693	0.95598304633251	0.53541076232907	1.58746055988356	NA	1888915.57889411	-1.72266917645685	8.39363677093369	176	0.122998059507929	
fh	418	31	3777	6.06989674344718	5.21165659665994	-1.28482907345414	143	237	38.9050201042365	7.64516129032258	11.1698924731183	0.598200198712638	0.747952700893877	1.04424652520071	NA	440532.307308996	1.09536257738992	1.63297812777265	5	0.232993639228173	
fh	42	54	4326	7.51618122977346	7.4981491599313	-0.363049500117841	221	419	61.0918672162626	7.75925925925926	9.05415793151642	0.673680148278671	0.646065168285272	1.23585659754517	NA	889670.900162939	0.49323406692368	1.97078157694318	1	0.289608218692433	
fh	420	31	4576	4.29742132867133	5.36228001692213	1.60605738427909	57	173	31.3750576224941	5.58064516129032	2.05161290322581	0.621673622076848	0.596513605442177	1.15201407199358	NA	534786.688969139	1.63815310264089	3.35658920674034	1	0.290170265511265	
fh	421	51	4978	16.4166331860185	3.38170374592055	-0.771071122031707	182	380	60.5769109308924	7.45098039215686	6.61254901960784	0.880817873151671	0.643565088757396	1.46769222201448	NA	919812.31398856	-0.975483317453122	3.19406836327947	83	0.11433558611985	
fh	422	65	4958	28.5102864058088	1.21523933539108	2.32577303332301	141	439	67.9121738752672	6.75384615384615	2.09471153846154	0.960493918143172	0.43085311135802	1.50269883298779	NA	1138810.74539481	-1.30328600574511	7.92910626858551	101	0.117077357135733	
fh	423	43	4980	7.81024096385542	6.36256066579269	0.543260527663335	89	277	44.1467671192962	6.44186046511628	2.68106312292359	0.774099498770275	0.395212842712843	1.40235687849438	NA	806773.650425382	0.105250424495023	3.35883495507927	10	0.247885379625118	
fh	424	63	4984	32.3653691813804	-1.22202681043346	-0.345776252151744	186	472	71.5531692976112	7.49206349206349	5.12493599590374	0.957687230987599	0.522680097680098	1.42075726194792	NA	1083050.16182668	-1.02323892138898	2.77622731710877	95	0.119927180431801	
fh	425	50	4741	5.49862898122759	9.32373700563889	-1.04954492921303	224	406	62.4953870637853	8.12	10.2302040816327	0.529659548274066	0.690754261849667	0.977283173564857	NA	916834.431664058	1.17893963152845	1.94660016752808	24	0.318824180359982	
fh	426	72	4286	8.27951469902007	9.11661272364601	-0.889491763830347	242	558	89.9190309072116	7.75	8.47183098591549	0.798004950426362	0.669087315123901	1.5039254515571	NA	1183283.874317	-1.09337343120004	8.56686027330036	137	0.313803500275922	
fh	427	50	4972	2.97264682220434	10.2291610284167	-1.72061677351308	248	436	78.676905720308	8.72	18.7771428571429	0.564418211371435	0.799299866799867	1.09957406498035	NA	970423.681190167	2.61873919603588	4.68227819756705	1	0.369343823540447	
fh	428	66	4968	7.27153784219002	7.95493178407433	0.1371706625822	152	460	76.0931346163658	6.96969696969697	3.22983682983683	0.713184708474564	0.608884021384021	1.34003600731113	NA	1253035.97028676	-0.498246303661581	11.2711509807426	1	0.318621944193776	
fh	429	82	4997	15.2691614968981	8.31026493435177	1.07640169307708	229	631	86.9787781352813	7.69512195121951	3.00466726889491	0.90020739333091	0.384427304731113	1.63421703707674	NA	1550306.87517361	-2.4326668873811	12.1691240182153	148	0.242587473436996	
fh	43	39	4877	4.36702891121591	7.59951206213251	-0.495791644332216	85	247	44.0224266830936	6.33333333333333	3.75438596491228	0.627660419324838	0.57625	1.18186695512058	NA	726937.377543222	3.58476918107398	14.5123164839429	1	0.316821659696947	
fh	430	130	4993	40.8796314840777	5.33292530501373	-0.38334461179091	726	1348	152.865110064261	10.3692307692308	12.6223017292785	0.948501091749081	0.514220124129523	1.59398847830556	NA	2379952.04735723	-1.80601315359912	7.88801126984395	221	0.130356802004525	
fh	431	63	4979	8.87407109861418	7.84801228897217	0.630937892917857	150	434	69.8642503775671	6.88888888888889	3.42293906810036	0.803061953908412	0.550140316672575	1.49095574315352	NA	1191210.85637169	-0.482168331185667	3.40557753537129	119	0.28793848857796	
fh	432	102	4996	34.2794235388311	4.87675764200085	0.70680772469273	283	797	111.485081270703	7.81372549019608	4.09367113181906	0.954243651181866	0.493147784864237	1.58676632570749	NA	1859968.14967564	-1.68524233911927	8.50514981770885	167	0.128116166005083	
fh	437	30	4947	13.3828582979584	-0.553437222201568	-0.862112668333307	82	194	33.5871708123241	6.46666666666667	5.6367816091954	0.851804762668191	0.544126984126984	1.29825194401392	NA	506995.313708757	-0.499756704546026	2.06002547569404	40	0.0439592859411447	
fh	438	36	4885	24.5297850562948	-4.24625453030169	-1.21575152529383	167	285	45.8567037106388	7.91666666666667	11.2785714285714	0.948096700297314	0.686556567071273	1.24115205048099	NA	574479.793255907	-0.517936187701791	1.62904184793709	44	0.270301435658982	
fh	439	28	4834	9.82271410839884	2.17515084910728	2.19147351238328	50	152	26.4309120696667	5.42857142857143	2.4021164021164	0.859572735451924	0.434872303622304	1.41769425046214	NA	479742.963638373	-0.972055590784324	3.96873835286844	43	0.0877689065970339	
fh	44	62	4882	4.74907824662024	8.67706251002242	-1.451580443813	251	505	86.4212382446538	8.14516129032258	11.7326811210999	0.603526027577102	0.757062845710488	1.15490551014332	NA	1171083.73020338	2.49912518765541	4.86056732863574	1	0.352198723748724	
fh	440	34	4867	26.4834600369838	-6.33162074870016	0.483320019577945	67	203	33.955376487697	5.97058823529412	2.150623885918	0.964419695816014	0.363528536414566	1.17387621542622	NA	524361.434709175	-0.294765359748958	1.39632247784721	39	0.352346642137146	
fh	445	38	4992	14.7111378205128	0.98026430954977	1.00233222314922	72	230	36.807457021443	6.05263157894737	2.9701280227596	0.884418768464821	0.355574598260357	1.41690979440979	NA	665073.814381497	-1.05837288462906	3.48475409014041	59	0.0597171888029738	
fh	446	46	4981	29.1371210600281	-3.52821387602483	-0.0983917280144456	114	306	49.9632515164686	6.65217391304348	4.00966183574879	0.962467230548548	0.481527549635257	1.31394713831976	NA	762101.066896913	-0.682796246522528	1.88162115900573	60	0.21835481808392	
fh	447	33	4953	9.70462346052897	3.45405423175526	-1.02461978618464	104	220	38.8268631728701	6.66666666666667	6.16666666666667	0.805888992896867	0.704706790123457	1.36037017192377	NA	591067.248825231	-0.0244986827111265	1.99105882642622	55	0.140610079736012	
fh	448	47	4986	30.5381066987565	-3.94991919817295	-0.9297924146094	176	366	56.8725739865954	7.78723404255319	7.51896392229417	0.959894364720756	0.54557746779969	1.29139421141233	NA	777861.92553039	-0.630532234688508	1.80526380175956	65	0.232724798708545	
fh	45	73	4998	16.6348539415766	6.80197045670792	-0.469460958914073	264	592	85.0197523171058	8.10958904109589	6.6544901065449	0.869092385812773	0.543085446027192	1.53152391224691	NA	1353545.37140628	-1.50615708567722	4.23528122178526	128	0.200922048456087	
fh	453	30	4988	12.0104250200481	1.3167818541816	-0.656024799583145	81	189	32.2910715303418	6.3	4.63103448275862	0.863203642765626	0.58	1.36956351585125	NA	530464.367723008	-0.697685907418994	2.37444129230557	43	0.0595100025811342	
fh	454	38	4943	24.6095488569695	-3.74303994117289	-0.855844200919779	127	267	44.1841834050567	7.02631578947368	5.32361308677098	0.949077232944903	0.643441273638642	1.2768593315144	NA	617871.021771118	-0.594681420075118	1.7765193724307	48	0.234790324182826	
fh	455	29	4954	9.07186112232539	3.07363564891044	0.0303114962319324	61	169	29.0624221936466	5.82758620689655	2.79064039408867	0.827838776845501	0.441265145111299	1.39138621685421	NA	523293.86051988	-0.738847594068757	3.07771934154235	47	0.118639490832825	
fh	456	33	4926	24.1224116930572	-4.85986579201982	2.10991122876337	60	188	31.6371851725564	5.6969696969697	2.34280303030303	0.970141426444715	0.398333333333333	1.23644144882725	NA	523366.814498987	-0.471942626646774	1.52095282081601	40	0.305072307700961	
fh	46	114	4994	37.6824189026832	4.75467684167911	-0.15990017536653	497	1045	131.48594733323	9.16666666666667	5.64454277286136	0.955936597601332	0.493888496831615	1.59424230990564	NA	2075561.93377221	-1.73953902296758	10.27692778806	197	0.120977647983662	
fh	461	44	4926	13.650832318311	2.40652762905297	-0.533589733411499	142	312	49.201594667425	7.09090909090909	5.85200845665962	0.856516615035721	0.628086219336219	1.43513619315128	NA	787601.339127012	-0.846441496556302	3.21728472268425	72	0.119639470294488	
fh	462	57	4977	31.5539481615431	-2.07777781164821	0.370916252398899	148	396	61.0935216036511	6.94736842105263	3.94360902255639	0.955885041113936	0.519829467514653	1.37825381076594	NA	965490.119308824	-0.872785293410148	2.26707945047788	78	0.160224106855188	
fh	463	47	4966	9.83447442609746	5.55278288011841	1.57532205682759	85	295	49.306424928257	6.27659574468085	2.37835337650324	0.818974577543577	0.449531024531025	1.46144262518554	NA	873120.673184229	-0.675437294486408	5.42945635474203	81	0.220096012313798	
fh	464	51	4988	31.0471130713713	-3.2896648116254	0.393828072258141	126	346	53.1348695711793	6.7843137254902	4.13254901960784	0.959388807648159	0.417402835259978	1.33088322865968	NA	853517.64244715	-0.735403636372077	2.00657773761573	72	0.19180261428657	
fh	469	31	4938	10.6142162818955	2.05276014304427	-0.858825401227119	86	198	35.0161195162293	6.38709677419355	4.77849462365591	0.822404700000436	0.58219246031746	1.3460459423629	NA	546116.761788255	-0.42486513842327	2.25832129649634	51	0.0885848044297941	
fh	47	55	4990	8.95210420841683	6.53818314404333	0.996690499753276	130	368	59.2575272750551	6.69090909090909	3.32861952861953	0.788226284218268	0.528145999425411	1.44230322690913	NA	1036606.71359384	-0.318614664536263	2.7786973242867	102	0.26603122892241	
fh	470	36	4971	24.9020317843492	-4.59084898228685	-0.268925426377934	84	228	38.3307169588833	6.33333333333333	3.77142857142857	0.951509229722869	0.51000233426704	1.23728781864391	NA	582033.39374555	-0.477460993950537	1.60300959410234	44	0.274512175803641	
fh	471	25	4821	9.56316116988177	0.84909314079078	0.647548353245089	39	135	24.2077911480269	5.4	1.5	0.827950632648828	0.316515151515152	1.32561518695842	NA	417724.229845831	-0.622901185936852	2.75641452923129	1	0.0552657066389968	
fh	472	38	4948	28.3965238480194	-6.17770458562069	-0.385906823350969	122	258	41.0747170550591	6.78947368421053	6.60312944523471	0.959284668662195	0.609518944140655	1.19383105012855	NA	600584.936598218	-0.348410065477703	1.50157512527789	43	0.321932977152411	
fh	477	48	4990	13.5218436873747	4.12285007869938	-0.297261472019874	140	336	53.2564592349572	7	5.23404255319149	0.878780433206839	0.59565817505326	1.50683485672352	NA	879166.416411173	-1.28828233290838	4.24261809469813	79	0.14773880002735	
fh	478	52	4984	28.0252808988764	-1.39421593323603	-1.1288641775163	219	419	66.2608813949495	8.05769230769231	6.44758672699849	0.948402005573189	0.673777011678797	1.3801673827598	NA	891378.804193701	-0.914339078650311	2.25158281567497	75	0.154690735685757	
fh	479	32	4944	7.37722491909385	4.53884340497943	0.00376435256847662	69	189	33.9978860132079	5.90625	3.5070564516129	0.753997595651947	0.612183779761905	1.32294934189705	NA	582427.835043432	0.68232268356122	5.44319324296623	8	0.19891983616644	
fh	48	111	4993	36.5483677148007	5.11208191445349	0.954207412521399	357	921	118.326060317797	8.2972972972973	3.53808353808354	0.966023128530639	0.393741105658753	1.61615927456813	NA	2025927.25167819	-1.81668629200463	12.8741918451208	186	0.129307816715326	
fh	480	42	4959	27.8546077838274	-3.848657915978	-1.12892256281382	206	360	53.2238565344751	8.57142857142857	11.9094076655052	0.959761332122007	0.643448108908635	1.27976755857034	NA	689390.973086657	-0.612799881517596	1.73388470289111	55	0.259182344173866	
fh	5	39	4963	14.0173282288938	2.13066104964188	0.629884012972151	78	240	39.5549036592754	6.15384615384615	2.87044534412955	0.896380584748189	0.405121527777778	1.46903366525412	NA	689541.351205484	-1.2540202860076	5.96057006958087	59	0.0786137873998294	
fh	53	25	4893	11.9709789495197	-0.711672889073599	-0.528544557321763	61	143	26.145733127433	5.72	4.21	0.866999795626405	0.616973304473304	1.30293415138383	NA	415805.614553029	-0.582094337448271	2.01063652576435	34	0.0719864042897524	
fh	54	39	4967	27.6303603784981	-5.0653997763879	-0.0543778050224302	98	252	41.1671037078064	6.46153846153846	3.62348178137652	0.96137802342967	0.507291666666667	1.23782666212175	NA	629533.269114577	-0.466586914046877	1.59755137745456	46	0.288784267806692	
fh	55	26	4902	9.40391676866585	1.41571680469503	-0.602353434300971	64	156	27.6216396472426	6	2.96	0.826772118130747	0.596067394144317	1.34321869425044	NA	458525.5715162	-0.356540462488352	2.42653784177701	1	0.0733370300434117	
fh	56	39	4940	26.5921052631579	-5.21967245297726	-0.0535973220154119	101	253	41.0710190346111	6.48717948717949	3.73009446693657	0.942881924524797	0.468172268907563	1.22803138689566	NA	625379.131485818	-0.459901182970247	1.67097629392894	47	0.257384871547681	
fh	6	49	4972	26.6442075623492	-1.46202977000699	-0.133696216025537	135	341	53.795143571621	6.95918367346939	3.99829931972789	0.95454271813311	0.528320972768043	1.38900462866969	NA	834958.191406788	-0.924425350026283	2.23461333028404	71	0.155187490324359	
fh	61	54	4971	15.6459464896399	3.91925680049582	0.192270690897076	156	380	56.8894111050108	7.03703703703704	4.3004891684137	0.873451905046474	0.461168491922968	1.4843087970536	NA	978810.857303691	-1.00994956382568	2.84943340980087	93	0.139057010176387	
fh	62	62	4992	32.9965945512821	-1.45418334662144	-0.714857751773594	264	540	73.2252108049696	8.70967741935484	6.24219989423585	0.951943628049194	0.504620915367231	1.3905671705677	NA	1068173.75557477	-0.921292041197764	2.37580040752478	87	0.161429051478877	
fh	63	38	4974	9.9276236429433	4.59338377593057	-0.668716388593071	125	267	43.1059009612055	7.02631578947368	5.10739687055477	0.808372241201903	0.612127466616631	1.39379678834444	NA	701546.222189358	-0.184368558722101	2.00875839890546	67	0.171027299995514	
fh	64	57	4973	33.8101749447014	-2.90112605678606	-0.686795748283611	249	483	66.2781939955617	8.47368421052632	8.07518796992481	0.963442690780843	0.564006066684638	1.35285656324176	NA	954400.066894574	-0.81668315180149	2.09415147850503	80	0.185494362913405	
fh	69	32	4996	10.9405524419536	2.24249276295312	1.33733757913944	61	183	30.3369251487783	5.71875	2.40221774193548	0.861950043906093	0.397767857142857	1.42551071066787	NA	574906.168138809	-0.769059614819037	2.84099868223463	48	0.092862928805254	
fh	7	39	4962	7.67049576783555	6.09309757155095	-0.412817459034887	99	253	43.1359777256206	6.48717948717949	4.15114709851552	0.77296875960403	0.57249373433584	1.38819553555759	NA	724453.621335838	0.222146786193153	3.07036463413419	69	0.232117381322084	
fh	70	41	4948	29.1663298302344	-5.51623909615737	0.455660015504992	82	256	42.4509673914413	6.24390243902439	2.4890243902439	0.960299061458682	0.476434357424662	1.23145765342276	NA	654048.644522719	-0.435385165103709	1.61981168264128	49	0.288081296465162	
fh	71	28	4993	9.39234928900461	2.08659998579901	0.461701212219632	47	155	28.7104538873396	5.53571428571429	2.10978835978836	0.78779709582834	0.480612244897959	1.28776219367047	NA	494564.843339109	0.0266518089854894	2.66932905047813	6	0.0990553215318492	
fh	72	37	4954	26.7644327815906	-5.15537424580726	-0.736558577610148	137	271	41.7171601727951	7.32432432432432	7.503003003003	0.96720428543198	0.596941461769893	1.23542481238353	NA	592276.528962808	-0.459592211103291	1.56787158199212	43	0.30315355153975	
fh	77	49	4965	14.4525679758308	3.49961496229176	0.267308047162988	116	328	52.142815461251	6.69387755102041	2.92517006802721	0.883048345219256	0.484474850546279	1.50115274273869	NA	882400.200225884	-1.57378137094965	13.8451491696675	80	0.133846393130844	
fh	78	41	4913	29.732953388968	-5.49101095475396	-0.579126608524707	113	277	45.9732635176599	6.75609756097561	4.0390243902439	0.971136804793653	0.551449307793293	1.2390602659108	NA	649527.731960066	-0.473078104332917	1.60142398648266	49	0.305398056862642	
fh	79	34	4975	7.85608040201005	4.17147777299274	0.132759004470913	81	207	35.1644643926897	6.08823529411765	2.99197860962567	0.705957953761678	0.535138941940413	1.2221283713911	NA	631372.646625812	0.752760886669565	2.49176759696648	2	0.198655168447786	
fh	8	59	4979	30.3874271942157	-1.03528438633171	1.6229470516549	135	405	59.1919412215709	6.86440677966102	2.73991817650497	0.957283360423539	0.365548962531721	1.41992016335984	NA	1016012.24432039	-0.990091303046257	2.45319563542925	84	0.134763854090668	
fh	80	51	4949	30.0195999191756	-2.45332824125881	-0.554377622174824	187	389	57.4059930374099	7.62745098039216	7.03843137254902	0.960205389086328	0.521843839031339	1.35328629246034	NA	851309.377048289	-0.783915951112404	2.04321346519687	68	0.196530286486127	
fh	85	24	4972	11.4814963797265	-0.261311207805825	-0.619428230721739	67	145	24.7431964602117	6.04166666666667	4.30253623188406	0.877864592442315	0.524065328610783	1.32767177972781	NA	411078.622562783	-0.519227547812759	1.81848847193511	34	0.072295677498659	
fh	86	38	4997	28.3143886331799	-5.83590713659236	-1.30081867546523	158	298	49.4142925215782	7.84210526315789	9.05547652916074	0.963493885805167	0.682034380737941	1.20461119915193	NA	611876.836165153	-0.394268508272067	1.49893007540245	46	0.323111131434499	
fh	87	29	4838	9.32451426209177	2.49973399538926	9.99994417990733	30	150	27.966080053513	5.17241379310345	1.00492610837438	0.859464379898871	0.469387755102041	1.44656546285101	NA	502707.676269352	-1.08592994465454	3.87398307153351	47	0.109302362973783	
fh	88	33	4904	25.5799347471452	-6.18018713218337	-0.786282137062021	113	223	37.3341261153959	6.75757575757576	5.87689393939394	0.958262271985763	0.690337527056277	1.16606929978667	NA	511016.302278724	-0.275023260185071	1.37275627180238	36	0.348298181478889	
fh	9	41	4182	3.93113342898135	7.85285423780169	-0.620972689417859	101	263	47.2007882530963	6.41463414634146	5.29878048780488	0.629950659621374	0.657011588889579	1.2012726499814	NA	659227.386298749	3.51420348075089	8.1284184563403	1	0.332915456838648	
fh	93	54	4952	15.9519386106624	3.81827624030491	-0.223675280394365	167	399	58.8040768666503	7.38888888888889	4.61949685534591	0.888230154133772	0.407194888444888	1.5083141305893	NA	980268.359333321	-1.50655397536453	6.42149584369183	87	0.133587850702795	
fh	94	49	4985	27.0836509528586	-1.60553033917949	1.2976613517618	113	321	49.2293574644024	6.55102040816327	2.9608843537415	0.966841169767807	0.388197509551106	1.40460565545433	NA	832877.010288703	-0.949577101833798	2.26161623215323	68	0.161227493611146	
fh	95	38	4973	11.3346068771365	3.35943146414784	-0.421843492877531	94	240	42.5733671326525	6.31578947368421	2.97866287339972	0.863430948172765	0.617053546564825	1.46684883958965	NA	684118.984446294	-1.14503185988037	4.4426525591942	62	0.131765238527139	
fh	96	45	4973	28.2791071787653	-3.47577766476049	0.393661455623614	126	308	45.1863195640464	6.84444444444444	4.63434343434343	0.957329173496477	0.373684322213734	1.30922558937775	NA	747005.661306317	-0.681764717860699	1.88059558634429	60	0.210148790623268	
fh	98	28	4863	4.11741723216122	5.67257052743045	-0.809754055631233	76	170	31.0189387024608	6.07142857142857	4.88359788359788	0.597404328331739	0.656182336182336	1.09897328207014	NA	512707.191240436	0.962978064914389	2.23240061568619	1	0.281746144550205	
fh	99	22	4909	2.61967814218782	6.79187561614849	-1.11349468301309	50	122	24.2945502377342	5.54545454545455	4.92640692640693	0.576605034132025	0.704861111111111	1.10110771297865	NA	411956.309272194	3.44725686730473	5.70958426546076	1	0.311035130339769	
