model	simID	S	tree.length	PD	gamma	beta	Colless	Sackin	Yule.PDA.ratio	MRD	VRD	PSV	mean.Iprime	MPD	VPD	MGL_principal_eigenvalue	MGL_asymmetry	MGL_peakedness	MGL_eigengap	nLTT_stat
Mammal	1	NA	NA	NA	NA	NA	NA	NA	NA	NA	NA	NA	NA	NA	NA	NA	NA	NA	NA	NA
Mammal	10	5	10.2808641	2.929444219	0.136953465	9.999957687	2	12	2.079441542	2.4	0.3	0.738121984	0	1.104314348	NA	158.3711296	0.964163663	1.476786726	1	0.313284283
Mammal	1000	6	9.570000001	3.44466065	-0.423188972	9.999944685	2	16	2.708050201	2.666666667	0.266666667	0.733490876	0.208333333	1.066963224	NA	179.028551	0.722718293	1.283570363	1	0.119148516
Mammal	1001	6	9.570000001	3.44466065	-0.423188972	9.999944685	2	16	2.708050201	2.666666667	0.266666667	0.733490876	0.208333333	1.066963224	NA	179.028551	0.722718293	1.283570363	1	0.124875287
Mammal	1002	NA	NA	NA	NA	NA	NA	NA	NA	NA	NA	NA	NA	NA	NA	NA	NA	NA	NA	NA
Mammal	1003	NA	NA	NA	NA	NA	NA	NA	NA	NA	NA	NA	NA	NA	NA	NA	NA	NA	NA	NA
Mammal	1004	NA	NA	NA	NA	NA	NA	NA	NA	NA	NA	NA	NA	NA	NA	NA	NA	NA	NA	NA
Mammal	1039	NA	NA	NA	NA	NA	NA	NA	NA	NA	NA	NA	NA	NA	NA	NA	NA	NA	NA	NA
Mammal	1081	4	25.72100969	2.51410121	0.689012588	-1.99992847	3	9	1.791759469	2.25	0.916666667	0.649316191	0.75	0.907350832	NA	318.6647563	1.379350144	1.107744596	1	0.18574006
Mammal	1082	3	9.820176943	2.346534006	0.19732469	9.99992847	1	5	0.693147181	1.666666667	0.333333333	0.782178002	NA	1.069306801	NA	83.90867351	0.901011243	1.675982865	1	0.186097485
Mammal	1083	NA	NA	NA	NA	NA	NA	NA	NA	NA	NA	NA	NA	NA	NA	NA	NA	NA	NA	NA
Mammal	1084	4	10.44904577	2.42260892	0.927638281	9.999956252	0	8	1.098612289	2	0	0.737101487	0	1.142857143	NA	127.429564	1.415886732	2.714813174	1	0.160231675
Mammal	1085	NA	NA	NA	NA	NA	NA	NA	NA	NA	NA	NA	NA	NA	NA	NA	NA	NA	NA	NA
Mammal	1086	4	10.44904577	2.42260892	0.927638281	9.999956252	0	8	1.098612289	2	0	0.737101487	0	1.142857143	NA	127.429564	1.415886732	2.714813174	1	0.11819693
Mammal	1087	NA	NA	NA	NA	NA	NA	NA	NA	NA	NA	NA	NA	NA	NA	NA	NA	NA	NA	NA
Mammal	1088	4	10.44904577	2.42260892	0.927638281	9.999956252	0	8	1.098612289	2	0	0.737101487	0	1.142857143	NA	127.429564	1.415886732	2.714813174	1	0.100463036
Mammal	1089	4	10.44904577	2.42260892	0.927638281	9.999956252	0	8	1.098612289	2	0	0.737101487	0	1.142857143	NA	127.429564	1.415886732	2.714813174	1	0.100540018
Mammal	1090	4	10.44904577	2.42260892	0.927638281	9.999956252	0	8	1.098612289	2	0	0.737101487	0	1.142857143	NA	127.429564	1.415886732	2.714813174	1	0.096228317
Mammal	1091	4	10.44904577	2.42260892	0.927638281	9.999956252	0	8	1.098612289	2	0	0.737101487	0	1.142857143	NA	127.429564	1.415886732	2.714813174	1	0.094762222
Mammal	1092	NA	NA	NA	NA	NA	NA	NA	NA	NA	NA	NA	NA	NA	NA	NA	NA	NA	NA	NA
Mammal	1093	NA	NA	NA	NA	NA	NA	NA	NA	NA	NA	NA	NA	NA	NA	NA	NA	NA	NA	NA
Mammal	1094	NA	NA	NA	NA	NA	NA	NA	NA	NA	NA	NA	NA	NA	NA	NA	NA	NA	NA	NA
Mammal	1095	NA	NA	NA	NA	NA	NA	NA	NA	NA	NA	NA	NA	NA	NA	NA	NA	NA	NA	NA
Mammal	1096	29	9.11	15.61366578	-3.467167374	-0.557886307	87	187	30.52875926	6.448275862	4.756157635	0.867587772	0.56349676	1.234544153	NA	892.9657236	-0.385907883	1.759553614	38	0.121671917
Mammal	1097	27	9.023057335	14.45236679	-3.415335377	-0.161144227	62	156	27.19655475	5.777777778	3.487179487	0.857042424	0.533531746	1.21926511	NA	813.9173815	-0.369147317	1.760000803	35	0.126192218
Mammal	11	NA	NA	NA	NA	NA	NA	NA	NA	NA	NA	NA	NA	NA	NA	NA	NA	NA	NA	NA
Mammal	1124	22	7.89	12.30832016	-2.912188624	-0.417791198	57	125	21.92355519	5.681818182	4.893939394	0.834126689	0.525276575	1.156035476	NA	580.5089904	0.258112725	1.143976047	8	0.134128092
Mammal	1147	NA	NA	NA	NA	NA	NA	NA	NA	NA	NA	NA	NA	NA	NA	NA	NA	NA	NA	NA
Mammal	1168	32	8.939337767	12.82674147	-1.956103945	9.999955774	40	172	29.74436521	5.375	1.016129032	0.845350346	0.287698413	1.329973742	NA	981.8277439	-0.584134039	2.603655917	58	0.085398454
Mammal	1169	20	7.970059568	8.372764002	-1.709624165	9.999940278	24	94	17.51555307	4.7	0.957894737	0.788203105	0.314930556	1.218836922	NA	534.3243423	-0.269789439	2.407750559	1	0.097545405
Mammal	119	35	14.62452781	18.61891776	-3.174414845	2.417636035	57	201	33.67634517	5.742857143	1.843697479	0.914159231	0.391547619	1.329102173	NA	1705.17361	-0.725155093	2.151471462	56	0.108170189
Mammal	12	NA	NA	NA	NA	NA	NA	NA	NA	NA	NA	NA	NA	NA	NA	NA	NA	NA	NA	NA
Mammal	1232	20	20.637543	8.774318625	-1.267262765	2.259433378	30	98	17.38387525	4.9	1.568421053	0.800530246	0.377926587	1.222447003	NA	1409.864405	-0.176925461	2.013048143	1	0.07750596
Mammal	1251	123	22.55975259	39.0171275	-3.896178584	-0.33284472	814	1386	140.9129242	11.26829268	11.44382247	0.689435924	0.461276449	1.071612195	NA	10173.47797	0.254037898	2.435836084	2	0.131495938
Mammal	1252	121	20.54444822	41.00792226	-4.058475153	-0.147532753	695	1261	136.1089031	10.4214876	10.1792011	0.745714474	0.451954005	1.162834698	NA	9048.690289	0.104688383	2.444638923	4	0.116571958
Mammal	1253	117	18.4	43.04354252	-4.214330509	0.047841811	579	1131	129.5296519	9.666666667	8.672413793	0.813219657	0.437227254	1.269419854	NA	7764.826779	-0.024562426	2.902682233	19	0.097618838
Mammal	1254	110	18.4	38.52075028	-4.34883043	0.166654533	474	994	121.1925428	9.036363636	6.916096747	0.789265681	0.445402645	1.239940388	NA	7292.079077	-0.027697231	3.078578171	12	0.113195333
Mammal	1255	98	17.06175459	35.48094596	-4.369502509	0.153527369	379	839	107.747192	8.56122449	5.156006733	0.795045419	0.456372703	1.240948539	NA	6030.025331	-0.248288022	3.190330648	31	0.108232396
Mammal	1256	89	15.9032316	32.53442189	-4.028495345	0.368086419	287	707	96.37454056	7.943820225	3.939989785	0.809571693	0.449443994	1.267920833	NA	5094.308397	-0.43304479	3.01480766	21	0.106941486
Mammal	1257	NA	NA	NA	NA	NA	NA	NA	NA	NA	NA	NA	NA	NA	NA	NA	NA	NA	NA	NA
Mammal	1258	NA	NA	NA	NA	NA	NA	NA	NA	NA	NA	NA	NA	NA	NA	NA	NA	NA	NA	NA
Mammal	1259	8	9.679283133	4.735898694	-1.004274296	9.999954341	5	25	4.718498871	3.125	0.410714286	0.815001041	0.145833333	1.169389086	NA	241.9843125	0.075754178	1.350284975	1	0.093693652
Mammal	1260	NA	NA	NA	NA	NA	NA	NA	NA	NA	NA	NA	NA	NA	NA	NA	NA	NA	NA	NA
Mammal	1289	NA	NA	NA	NA	NA	NA	NA	NA	NA	NA	NA	NA	NA	NA	NA	NA	NA	NA	NA
Mammal	1290	NA	NA	NA	NA	NA	NA	NA	NA	NA	NA	NA	NA	NA	NA	NA	NA	NA	NA	NA
Mammal	13	NA	NA	NA	NA	NA	NA	NA	NA	NA	NA	NA	NA	NA	NA	NA	NA	NA	NA	NA
Mammal	1382	14	37.72912669	5.471232698	-0.480388082	-0.770594018	24	62	13.30308365	4.428571429	2.263736264	0.709870029	0.710884354	1.115643492	NA	1784.365189	0.441197432	1.951311746	1	0.100594676
Mammal	14	7	13.00185105	4.09706011	-0.469712846	9.999953846	5	21	3.871201011	3	0.666666667	0.781328814	0.25	1.126979476	NA	287.387163	0.568713703	1.4206234	3	0.267964047
Mammal	1401	NA	NA	NA	NA	NA	NA	NA	NA	NA	NA	NA	NA	NA	NA	NA	NA	NA	NA	NA
Mammal	1402	NA	NA	NA	NA	NA	NA	NA	NA	NA	NA	NA	NA	NA	NA	NA	NA	NA	NA	NA
Mammal	1403	NA	NA	NA	NA	NA	NA	NA	NA	NA	NA	NA	NA	NA	NA	NA	NA	NA	NA	NA
Mammal	1454	107	66.38208635	13.74419831	-1.498314259	-0.145121186	415	949	121.0303485	8.869158879	5.548756833	0.389643114	0.481903081	0.662152111	NA	27325.20845	5.087344226	3.325523539	3	0.300444838
Mammal	1455	105	29.85662133	26.76235865	-3.36883549	0.225591329	312	840	116.3669094	8	4.730769231	0.814218494	0.471058165	1.387328326	NA	11300.19826	-0.095249016	3.276129107	206	0.181222103
Mammal	1456	62	29.03179087	18.40228625	-2.605961902	0.057169856	173	445	67.6094091	7.177419355	4.771285034	0.791745367	0.535912799	1.308761885	NA	6373.829245	0.053569765	2.41579772	118	0.148498708
Mammal	1457	36	22.70344925	10.80794383	-1.763522399	-0.332210839	110	240	37.91241789	6.666666667	5.885714286	0.696127868	0.562006469	1.127691147	NA	2867.956196	0.52857813	1.871627073	1	0.150705213
Mammal	1458	23	18.47890185	7.45076876	-1.557648006	-0.790011298	80	148	24.15793204	6.434782609	6.711462451	0.500856426	0.665608466	0.724240447	NA	1521.140083	2.190625999	1.383950489	3	0.140351971
Mammal	1459	21	9.607231792	10.70281954	-2.730546592	-0.610249333	61	123	21.06688958	5.857142857	5.228571429	0.772217957	0.636309524	1.0851314	NA	677.049159	0.155619247	1.344678371	3	0.123415627
Mammal	1492	26	25.88936446	10.79219052	-2.713948532	0.49664315	53	143	25.58611734	5.5	2.58	0.752970627	0.536575092	1.136101745	NA	2259.575849	0.313494998	1.631787899	1	0.127970485
Mammal	15	NA	NA	NA	NA	NA	NA	NA	NA	NA	NA	NA	NA	NA	NA	NA	NA	NA	NA	NA
Mammal	1517	43	12.85259498	19.21428517	-3.294014234	0.186692289	120	290	44.11310937	6.744186047	4.671096346	0.832999794	0.404719251	1.246824085	NA	1891.887617	-0.290356925	1.900785147	9	0.093653934
Mammal	1518	34	11.50018946	15.69971893	-2.434548282	-0.053688137	89	217	34.4247972	6.382352941	3.819073084	0.837950327	0.421524064	1.24881962	NA	1318.203872	-0.347249897	1.760150695	4	0.070396591
Mammal	1519	25	10.75621432	12.22479261	-1.831826936	0.135580842	56	146	23.21405849	5.84	3.473333333	0.803708048	0.349311295	1.162975922	NA	929.3474679	0.122365065	1.46661138	2	0.062668218
Mammal	1520	23	10.05565901	10.95493886	-1.710207101	1.572108073	35	119	20.03600466	5.173913043	2.33201581	0.821040586	0.293333333	1.216019151	NA	778.5200569	0.004136937	1.549125354	10	0.067558802
Mammal	1560	NA	NA	NA	NA	NA	NA	NA	NA	NA	NA	NA	NA	NA	NA	NA	NA	NA	NA	NA
Mammal	1561	NA	NA	NA	NA	NA	NA	NA	NA	NA	NA	NA	NA	NA	NA	NA	NA	NA	NA	NA
Mammal	1562	NA	NA	NA	NA	NA	NA	NA	NA	NA	NA	NA	NA	NA	NA	NA	NA	NA	NA	NA
Mammal	1563	NA	NA	NA	NA	NA	NA	NA	NA	NA	NA	NA	NA	NA	NA	NA	NA	NA	NA	NA
Mammal	1564	NA	NA	NA	NA	NA	NA	NA	NA	NA	NA	NA	NA	NA	NA	NA	NA	NA	NA	NA
Mammal	1565	NA	NA	NA	NA	NA	NA	NA	NA	NA	NA	NA	NA	NA	NA	NA	NA	NA	NA	NA
Mammal	1566	110	34.09383255	20.52125119	-0.567792383	-0.555452862	588	1078	132.4356313	9.8	9.555963303	0.596778535	0.558806289	1.019095275	NA	14127.61771	1.134384228	2.129849614	8	0.242929764
Mammal	1567	104	28.79398459	20.87310822	-1.449434345	-0.4703008	483	949	123.6499389	9.125	8.071601942	0.651405505	0.549243473	1.115229894	NA	11148.71338	0.945474636	2.159188529	23	0.229499821
Mammal	1568	91	26.15014697	17.42620717	-2.745729476	-0.492011092	383	785	108.2238311	8.626373626	6.881074481	0.607466432	0.563592022	1.038123427	NA	8710.791864	0.961362733	2.210690205	1	0.239249681
Mammal	1569	66	11.48727578	22.6925379	-3.589094501	-0.512500927	264	538	76.98765667	8.151515152	6.622843823	0.766216882	0.553881097	1.207852812	NA	2718.710884	0.003276002	2.39666322	8	0.128068066
Mammal	1570	61	9.955391465	23.88754847	-4.182518859	-0.357993198	202	458	69.63521557	7.508196721	5.354098361	0.842099743	0.521119057	1.313506793	NA	2093.847311	-0.517185705	2.513093849	7	0.115633117
Mammal	1571	47	9.304384571	20.57745	-3.83194192	-0.148159904	134	326	51.0903849	6.936170213	4.843663275	0.837116762	0.479592515	1.262062987	NA	1523.811461	-0.077337857	2.056294279	6	0.106197589
Mammal	1572	41	8.835699691	17.04693169	-3.594345744	-0.141095405	97	263	44.26601123	6.414634146	3.698780488	0.831317598	0.489406081	1.277035508	NA	1232.537619	-0.251628995	2.201328389	4	0.119269326
Mammal	1573	23	8.185240717	11.8970388	-3.299556997	-0.015970789	51	127	22.21569162	5.52173913	3.71541502	0.793290082	0.477513228	1.115510446	NA	630.6372567	0.149170802	1.313667813	3	0.128802833
Mammal	16	647	38.88691579	126.6935554	-8.224813977	-0.732065995	7502	11566	836.7756818	17.8763524	40.3221489	0.660156406	0.547770496	1.126611388	NA	95224.30628	0.675307134	3.913919102	9	0.232356946
Mammal	1634	25	16.85983752	10.14655431	-2.446206199	-0.751999602	78	156	26.73636474	6.24	5.106666667	0.597666529	0.598575036	0.830843499	NA	1482.498568	1.454761158	1.344981605	2	0.118272664
Mammal	1635	23	10.21477182	13.37759554	-3.115176306	-0.451271321	57	129	23.55831091	5.608695652	3.794466403	0.865405767	0.57034632	1.194153411	NA	773.8563934	-0.115120439	1.317666533	25	0.155328664
Mammal	164	NA	NA	NA	NA	NA	NA	NA	NA	NA	NA	NA	NA	NA	NA	NA	NA	NA	NA	NA
Mammal	165	4	8.915235108	2.207806226	1.557878544	9.999956252	0	8	1.098612289	2	0	0.701301038	0	1.142857143	NA	112.0734044	1.721847024	5.571177448	1	0.05533074
Mammal	166	4	8.915235108	2.207806226	1.557878544	9.999956252	0	8	1.098612289	2	0	0.701301038	0	1.142857143	NA	112.0734044	1.721847024	5.571177448	1	0.059932826
Mammal	167	NA	NA	NA	NA	NA	NA	NA	NA	NA	NA	NA	NA	NA	NA	NA	NA	NA	NA	NA
Mammal	1675	NA	NA	NA	NA	NA	NA	NA	NA	NA	NA	NA	NA	NA	NA	NA	NA	NA	NA	NA
Mammal	1676	NA	NA	NA	NA	NA	NA	NA	NA	NA	NA	NA	NA	NA	NA	NA	NA	NA	NA	NA
Mammal	1677	NA	NA	NA	NA	NA	NA	NA	NA	NA	NA	NA	NA	NA	NA	NA	NA	NA	NA	NA
Mammal	1678	NA	NA	NA	NA	NA	NA	NA	NA	NA	NA	NA	NA	NA	NA	NA	NA	NA	NA	NA
Mammal	168	NA	NA	NA	NA	NA	NA	NA	NA	NA	NA	NA	NA	NA	NA	NA	NA	NA	NA	NA
Mammal	169	4	8.915235108	2.207806226	1.557878544	9.999956252	0	8	1.098612289	2	0	0.701301038	0	1.142857143	NA	112.0734044	1.721847024	5.571177448	1	0.067628009
Mammal	17	NA	NA	NA	NA	NA	NA	NA	NA	NA	NA	NA	NA	NA	NA	NA	NA	NA	NA	NA
Mammal	170	4	8.915235108	2.207806226	1.557878544	9.999956252	0	8	1.098612289	2	0	0.701301038	0	1.142857143	NA	112.0734044	1.721847024	5.571177448	1	0.072371646
Mammal	1707	29	21.49094882	14.36467995	-3.171486227	-0.581257329	85	187	30.99686154	6.448275862	5.113300493	0.794182324	0.526581197	1.130546836	NA	2126.843925	0.015979181	1.51723952	3	0.108567833
Mammal	1708	26	19.27985224	13.75198106	-3.210120014	-0.410414486	61	153	26.97150985	5.884615385	3.786153846	0.832672781	0.503754579	1.1779186	NA	1686.485557	-0.122345895	1.569290502	27	0.116346444
Mammal	1709	20	16.86837878	11.5093322	-3.160925844	-0.924540366	45	111	21.04458383	5.55	2.892105263	0.841520763	0.552272727	1.158891054	NA	1136.335403	-0.17763965	1.576603053	1	0.148673792
Mammal	1740	NA	NA	NA	NA	NA	NA	NA	NA	NA	NA	NA	NA	NA	NA	NA	NA	NA	NA	NA
Mammal	1760	NA	NA	NA	NA	NA	NA	NA	NA	NA	NA	NA	NA	NA	NA	NA	NA	NA	NA	NA
Mammal	1761	NA	NA	NA	NA	NA	NA	NA	NA	NA	NA	NA	NA	NA	NA	NA	NA	NA	NA	NA
Mammal	1762	3	4.68	3	-1.732050808	9.99992847	1	5	0.693147181	1.666666667	0.333333333	1	NA	1.2	NA	37.44	-0.314269681	0.78339732	2	0.12006917
Mammal	1763	3	4.68	3	-1.732050808	9.99992847	1	5	0.693147181	1.666666667	0.333333333	1	NA	1.2	NA	37.44	-0.314269681	0.78339732	2	0.0919219
Mammal	1764	3	4.68	3	-1.732050808	9.99992847	1	5	0.693147181	1.666666667	0.333333333	1	NA	1.2	NA	37.44	-0.314269681	0.78339732	2	0.074352227
Mammal	1765	3	4.68	3	-1.732050808	9.99992847	1	5	0.693147181	1.666666667	0.333333333	1	NA	1.2	NA	37.44	-0.314269681	0.78339732	2	0.077404234
Mammal	18	NA	NA	NA	NA	NA	NA	NA	NA	NA	NA	NA	NA	NA	NA	NA	NA	NA	NA	NA
Mammal	1807	37	11.31503099	12.17670048	-2.607631753	-0.857893034	141	275	43.06959516	7.432432432	6.418918919	0.609686047	0.618518369	0.921358988	NA	1497.358084	1.279216963	2.05774004	3	0.142276211
Mammal	1808	34	7.390005823	15.60971811	-3.114561544	-0.79081518	109	233	38.79292904	6.852941176	4.735294118	0.827046764	0.604632339	1.229455018	NA	854.7567458	-0.416991027	2.01973982	1	0.103844958
Mammal	1809	29	6.789047299	14.53180015	-3.115838566	-0.752060839	79	185	32.11836765	6.379310345	3.386699507	0.845583351	0.563129579	1.229079146	NA	681.3273872	-0.359222872	1.935095751	1	0.103760993
Mammal	1810	28	6.435	14.22128732	-3.167627748	0.635479989	52	156	28.78616314	5.571428571	2.402116402	0.880038914	0.534004884	1.29349871	NA	605.8132274	-0.440870132	2.017317496	32	0.112313508
Mammal	1811	22	6.316699436	10.80262486	-2.70310014	5.32435907	29	109	21.39598171	4.954545455	1.95021645	0.842003317	0.507575758	1.245522299	NA	457.2260116	-0.330637188	1.936419642	24	0.116638973
Mammal	1846	26	36.40956411	9.301392067	-0.124432307	1.25529552	46	140	24.6585326	5.384615385	2.646153846	0.739109429	0.463628039	1.168636964	NA	3296.860409	0.526661915	1.54809219	17	0.083774589
Mammal	1871	254	60.2413951	38.15749019	-1.352114201	-0.687075891	2041	3385	320.6698453	13.32677165	17.09042669	0.537383251	0.567038145	0.929729127	NA	58581.70634	1.270863159	2.514790063	6	0.278668355
Mammal	1872	250	48.10522416	45.57053818	-1.882518794	-0.645290393	1792	3122	313.3446964	12.488	15.69664257	0.654417638	0.562331977	1.132101333	NA	45352.86235	0.955626015	2.564152976	53	0.246897041
Mammal	1873	239	46.27579766	44.14074964	-2.157297786	-0.623532066	1544	2824	298.3212529	11.81589958	13.84831757	0.647747437	0.557429858	1.116567134	NA	41694.02035	0.984488061	2.622747854	34	0.244545175
Mammal	1874	217	36.89588657	47.00494231	-2.971431705	-0.48715446	1240	2420	263.9978691	11.15207373	12.63880355	0.724561809	0.522634684	1.238992595	NA	29783.10981	0.760814746	3.180090823	103	0.213379994
Mammal	1875	170	34.34374546	36.59538038	-3.508824551	-0.552739508	963	1865	207.3839757	10.97058824	11.7683606	0.613752667	0.51256235	1.019881432	NA	21866.69449	1.540228375	3.23588437	11	0.215277137
Mammal	1876	3	5.201503383	2.317626346	0.307804909	9.99992847	1	5	0.693147181	1.666666667	0.333333333	0.772542115	NA	1.063525269	NA	44.62595165	0.924803733	1.650162818	1	0.165517188
Mammal	1877	155	24.59495219	41.94911461	-4.906419819	-0.43881118	639	1479	185.9332691	9.541935484	9.003100126	0.785668556	0.488158547	1.309658476	NA	13613.65632	-0.270170394	3.212903977	1	0.169016736
Mammal	1878	82	17.37769102	34.8382493	-4.260187328	0.102796757	275	653	90.60149331	7.963414634	6.504817826	0.879649548	0.475670882	1.349773257	NA	4987.812126	-0.71324119	2.853359033	15	0.079810891
Mammal	1879	NA	NA	NA	NA	NA	NA	NA	NA	NA	NA	NA	NA	NA	NA	NA	NA	NA	NA	NA
Mammal	1880	38	15.96786716	16.4033145	-2.910806877	-0.605382291	146	280	42.03451137	7.368421053	7.211948791	0.809815445	0.579185104	1.219369427	NA	2126.217074	-0.319275368	1.865842713	2	0.083210832
Mammal	1881	36	15.06675962	15.94625845	-2.931612175	-0.3163851	112	240	38.42359346	6.666666667	5.885714286	0.836070055	0.559161249	1.262640833	NA	1845.757229	-0.411216946	1.884835944	62	0.082340801
Mammal	1882	27	13.87377544	12.97024695	-2.696164455	-0.495471027	84	172	27.81899055	6.37037037	5.472934473	0.810272081	0.540919613	1.182039671	NA	1289.929202	-0.042452479	1.617533459	2	0.08913894
Mammal	1883	22	12.75818564	11.00099479	-2.633806696	-0.57881415	64	132	22.07598736	6	4.380952381	0.79417882	0.536040965	1.137983043	NA	956.4785785	0.10384122	1.576494034	4	0.103122646
Mammal	1884	20	11.95580639	10.00097207	-2.505406078	-0.20805167	46	108	19.03146493	5.4	2.989473684	0.802519977	0.495659722	1.160312391	NA	809.3183056	-0.035795631	1.58581733	2	0.104099248
Mammal	19	NA	NA	NA	NA	NA	NA	NA	NA	NA	NA	NA	NA	NA	NA	NA	NA	NA	NA	NA
Mammal	1917	NA	NA	NA	NA	NA	NA	NA	NA	NA	NA	NA	NA	NA	NA	NA	NA	NA	NA	NA
Mammal	1959	NA	NA	NA	NA	NA	NA	NA	NA	NA	NA	NA	NA	NA	NA	NA	NA	NA	NA	NA
Mammal	1960	61	10.11437815	30.24750328	-4.206012932	-0.908199813	286	546	75.31824394	8.950819672	9.347540984	0.84847873	0.491185467	1.219494932	NA	2138.373021	-0.075478173	1.461907328	74	0.094304002
Mammal	1961	38	9.40809898	18.36907409	-3.903992431	-1.010521497	201	341	46.03267819	8.973684211	9.593883357	0.701109514	0.475765192	0.945221722	NA	1246.47636	0.400114932	1.417990182	1	0.130090953
Mammal	1962	37	8.610473387	18.8854126	-4.022044304	-0.830645418	165	303	42.42176028	8.189189189	8.046546547	0.747913115	0.446475838	1.01269427	NA	1089.035141	0.26295691	1.444503192	5	0.132830736
Mammal	1963	33	7.04932063	19.53237597	-4.261227578	-0.81363612	133	257	37.04648187	7.787878788	5.547348485	0.837179621	0.401103989	1.112072069	NA	784.8800647	-0.245746534	1.525108014	3	0.173286316
Mammal	1964	32	6.724226829	19.38000751	-4.215485614	-0.476057036	102	224	33.58074597	7	4.193548387	0.866642046	0.358325702	1.158481904	NA	720.6105605	-0.30726645	1.561263871	2	0.184282068
Mammal	1965	30	6.310324461	18.5744836	-3.996827798	-0.103019937	74	190	30.14675876	6.333333333	2.643678161	0.903834913	0.316337936	1.222020153	NA	633.1441454	-0.397202599	1.623604117	30	0.191358269
Mammal	1966	29	6.143450306	18.02469525	-3.891173116	2.10905954	46	160	26.77946293	5.517241379	1.687192118	0.921330209	0.262143875	1.256295861	NA	586.9857008	-0.41752522	1.659225317	29	0.19336916
Mammal	1967	20	5.893710517	11.37607043	-2.76755074	1.864886264	25	99	16.98579025	4.95	1.313157895	0.886275742	0.199305556	1.257889758	NA	393.7143172	-0.459568988	1.768802205	19	0.141131676
Mammal	1998	23	9.971344962	13.26474084	-2.10727476	-0.980775218	70	144	25.19122118	6.260869565	4.565217391	0.883055034	0.539128296	1.235480111	NA	774.4024199	-0.304325875	1.538582256	32	0.147931103
Mammal	1999	22	9.917815938	12.32553956	-1.904339138	-0.483351662	49	121	22.10017873	5.5	3.404761905	0.876623382	0.493041126	1.242166412	NA	731.1118859	-0.298466499	1.592341636	31	0.131455038
Mammal	2	157	163.3573914	18.36187074	4.451070469	-0.800639116	1012	1798	200.4638038	11.4522293	16.13392128	0.615414517	0.597940303	1.123111781	NA	97236.77423	0.672814289	2.318196928	1	0.372055379
Mammal	20	NA	NA	NA	NA	NA	NA	NA	NA	NA	NA	NA	NA	NA	NA	NA	NA	NA	NA	NA
Mammal	2044	47	34.67452105	13.63228878	-0.273590077	-0.304273613	154	338	51.23861501	7.191489362	4.679925994	0.771841941	0.558477633	1.282714811	NA	5944.810928	-0.224104339	3.622612482	2	0.14245232
Mammal	2045	35	29.69219769	11.20293464	-0.290762723	-0.241117753	106	236	35.94792048	6.742857143	4.196638655	0.76253497	0.507989418	1.242737013	NA	3753.215007	0.214388876	3.586915689	6	0.118567448
Mammal	2046	33	28.43940339	10.45537124	-0.468950292	0.383921883	75	199	32.42155996	6.03030303	2.96780303	0.766353066	0.477310091	1.256260024	NA	3298.348349	-0.123232607	3.64597661	3	0.122183907
Mammal	2047	20	24.67757201	8.370497807	-1.082489109	-0.015866547	46	108	18.40001132	5.4	3.2	0.729862151	0.511000882	1.099285502	NA	1721.93622	0.563301746	2.163622647	2	0.069174744
Mammal	2090	22	41.33785948	7.113129062	0.481353775	-1.50497631	109	165	28.8511131	7.5	14.26190476	0.531608409	0.842736893	0.790071607	NA	3240.31705	1.76318802	1.251254153	5	0.110139478
Mammal	21	278	18.82370739	111.7591216	-7.868391088	-0.797289371	3406	4818	359.6090627	17.33093525	37.70236085	0.826020507	0.560758216	1.254444786	NA	18807.44637	-0.776472315	3.187491019	1	0.08606778
Mammal	212	NA	NA	NA	NA	NA	NA	NA	NA	NA	NA	NA	NA	NA	NA	NA	NA	NA	NA	NA
Mammal	2124	94	51.54695038	16.52501438	-0.943957765	-0.99129753	507	927	122.4773075	9.861702128	14.35701213	0.642106548	0.614747083	1.123252203	NA	17890.95267	0.580507345	2.048709782	1	0.253125926
Mammal	2125	63	26.11313814	18.60466113	-1.040038593	-1.176279899	381	635	84.68909543	10.07936508	14.78392217	0.67589997	0.619048731	1.076396622	NA	5973.871318	0.908364905	1.810640119	11	0.13792138
Mammal	2126	57	22.90414225	18.38334175	-1.422155631	-1.255543486	328	556	77.85391085	9.754385965	11.47431078	0.69325408	0.638022049	1.085614274	NA	4776.015295	0.525813644	1.890396416	1	0.11666013
Mammal	2127	56	20.36122093	19.42946409	-1.67861294	-1.176074325	273	499	73.82855915	8.910714286	10.26461039	0.767287394	0.626345341	1.210299872	NA	4003.678396	0.400855195	1.907144558	24	0.100288292
Mammal	2128	36	18.66252867	11.1599112	-0.818700575	-1.193773069	180	310	45.73293637	8.611111111	11.1015873	0.571895946	0.58934057	0.865529963	NA	2440.958163	1.586038593	2.145105204	3	0.127315602
Mammal	2129	34	17.10667113	10.40038006	-1.082483966	-1.167810536	148	272	42.1775883	8	8.96969697	0.567354896	0.57219888	0.862534115	NA	2129.778502	1.394569967	2.041645423	1	0.133961225
Mammal	213	21	12.73986482	16.87354439	-5.249259975	1.564383599	33	105	19.17058626	5	1.7	0.955128854	0.472222222	1.143814159	NA	835.2666781	-0.231329385	1.191626995	25	0.374705354
Mammal	2130	33	14.16839248	11.14247306	-1.625986582	-0.992811919	116	238	38.68108074	7.212121212	7.672348485	0.65236644	0.550066138	1.002977222	NA	1649.71719	1.070458678	1.963178122	9	0.113557697
Mammal	2131	28	11.27316667	10.90413048	-1.80576289	-1.143972158	91	193	33.1359033	6.892857143	5.876984127	0.664846616	0.572991071	0.980380376	NA	1127.040742	0.548238861	1.862941485	1	0.093513691
Mammal	2132	27	8.740369435	12.48438264	-2.230335073	-0.86718431	65	165	29.84006643	6.111111111	4.717948718	0.82425496	0.546904762	1.229572762	NA	787.1081013	-0.325933342	1.876342495	1	0.082437613
Mammal	2163	20	18.34317902	10.01019037	-1.860640288	-1.423793538	77	133	24.0882896	6.65	6.660526316	0.767586075	0.733888889	1.088155491	NA	1263.339379	0.380692914	1.177863447	2	0.085746543
Mammal	2187	31	29.85390978	10.68071686	-1.647647864	-0.430470591	94	198	33.25561259	6.387096774	4.511827957	0.686694663	0.622751323	1.067923334	NA	3269.418146	0.693211005	1.571144261	17	0.119298499
Mammal	2188	27	23.96454508	11.10387968	-2.122910563	-0.251638776	68	158	28.06265574	5.851851852	3.361823362	0.744999997	0.60042735	1.122170167	NA	2214.549791	0.560232838	1.833206179	10	0.100977349
Mammal	2189	21	22.85428376	9.014807133	-2.010911338	0.128522028	43	111	20.01706746	5.285714286	2.814285714	0.649239116	0.515432099	0.919633921	NA	1662.413714	1.473827486	1.760307485	3	0.103695585
Mammal	22	277	17.99785601	115.7955394	-7.917266261	-0.74719742	3130	4540	353.9850452	16.3898917	36.86917281	0.862604794	0.557668537	1.311651323	NA	17774.35263	-0.793277705	3.202739586	6	0.080048415
Mammal	2217	NA	NA	NA	NA	NA	NA	NA	NA	NA	NA	NA	NA	NA	NA	NA	NA	NA	NA	NA
Mammal	2218	64	81.69078247	13.83015719	0.653089251	-0.399729194	231	525	72.10854169	8.203125	5.942212302	0.718182826	0.470982537	1.24241876	NA	19575.47484	0.129906183	2.598989452	2	0.3346546
Mammal	2219	65	75.25976605	14.12096206	0.232861938	-0.067538207	182	486	71.44740339	7.476923077	4.659615385	0.762908279	0.466066017	1.331040297	NA	17842.74265	-0.340698986	3.017551919	1	0.329367583
Mammal	2220	297	67.3264087	24.60027228	-2.396615097	0.16356588	1189	3075	348.2344002	10.35353535	5.79013104	0.483620734	0.47317068	0.889007464	NA	77516.7289	3.96003055	4.428290611	19	0.346124371
Mammal	2221	NA	NA	NA	NA	NA	NA	NA	NA	NA	NA	NA	NA	NA	NA	NA	NA	NA	NA	NA
Mammal	2222	158	28.72157687	25.3298551	-4.41246832	-0.145633504	507	1409	187.812575	8.917721519	4.623760381	0.599184535	0.506711287	1.046714227	NA	16992.9203	1.678857981	5.990369288	45	0.27068519
Mammal	2223	134	16.68854368	33.47454995	-5.360411061	-0.12017204	344	1118	158.3426363	8.343283582	3.475255302	0.790341413	0.498959663	1.341518945	NA	8027.477641	-0.924170666	5.073889504	1	0.194577353
Mammal	2224	70	11.67401717	25.49858178	-4.509268324	-0.388385056	185	535	81.18828596	7.642857143	3.885093168	0.839221856	0.481263792	1.332912607	NA	2838.127089	-0.557905368	2.744807334	2	0.125192244
Mammal	2225	39	10.22894637	13.45786228	-3.47341314	0.961960814	65	237	39.83787585	6.076923077	1.862348178	0.766020127	0.405648591	1.219840756	NA	1377.747526	-0.002004468	2.075275933	1	0.149263443
Mammal	2226	22	6.364632592	11.22289256	-3.545949638	-0.29050545	41	121	22.19448941	5.5	1.880952381	0.748261536	0.451287879	1.033200494	NA	481.3525414	0.167866182	1.613169702	1	0.145370385
Mammal	2227	21	5.282627036	12.11195665	-3.859950423	9.999926772	21	99	19.14996697	4.714285714	0.914285714	0.871192959	0.39537037	1.215734136	NA	356.067969	-0.271216755	1.703741075	20	0.163062051
Mammal	2263	31	10.59914718	14.85885482	-3.48446511	-1.118037876	112	228	37.1163036	7.35483871	5.63655914	0.758819943	0.587262982	1.072984255	NA	1144.796741	0.088984705	1.772685225	1	0.125184798
Mammal	2264	30	9.621474814	15.16548892	-3.64181042	-0.845249112	83	197	33.71510622	6.566666667	4.391954023	0.817603086	0.561466918	1.166177326	NA	987.496478	-0.12961577	1.8409216	2	0.131274941
Mammal	2265	28	9.103236735	14.41180893	-3.543511474	-0.595914525	57	165	30.34781039	5.892857143	3.062169312	0.836543266	0.539056777	1.197741102	NA	840.0004288	-0.260628605	1.892974751	3	0.134160085
Mammal	2293	64	11.78979611	21.29445929	-3.376240897	0.05258505	153	449	72.26400122	7.015625	2.872767857	0.803942827	0.531565297	1.295875407	NA	2642.705901	-0.336977437	2.730768178	1	0.131270199
Mammal	2294	44	9.192689023	16.85080074	-2.675567346	0.847090413	76	272	46.59522921	6.181818182	2.198731501	0.843725884	0.48582743	1.333987443	NA	1392.624714	-0.578311569	2.456330586	1	0.10172176
Mammal	2295	23	7.546983514	8.713021931	-1.719417765	-0.321248022	44	124	23.29879972	5.391304348	2.612648221	0.755457312	0.545833333	1.186107667	NA	590.1802502	0.171857215	2.397256102	2	0.109844049
Mammal	23	271	17.18464183	118.0880808	-7.870554595	-0.736763509	2863	4247	345.6565941	15.67158672	34.00656007	0.897139199	0.559790532	1.363133846	NA	16549.26204	-0.820712352	3.192978094	37	0.074055578
Mammal	2317	21	8.048337983	10.72980307	-2.281280001	1.635358758	30	104	19.53522937	4.952380952	1.747619048	0.860722344	0.45462963	1.265075377	NA	555.9227953	-0.51183388	1.963015405	27	0.09656782
Mammal	2337	20	9.234396991	9.854531515	-2.349490763	-1.060960888	53	113	21.52563729	5.65	4.344736842	0.795650427	0.636724387	1.15412603	NA	612.6961217	-0.071959512	1.643565982	2	0.10616252
Mammal	2356	24	20.03648462	7.394199571	-0.977743341	-0.317800707	53	133	24.41369289	5.541666667	4.519927536	0.641618898	0.539817001	1.026616972	NA	1689.026057	1.003094085	1.706662625	12	0.149883658
Mammal	2379	3	15.54574417	2.264054437	0.520006538	9.99992847	1	5	0.693147181	1.666666667	0.333333333	0.754684812	NA	1.052810887	NA	134.4052451	0.948824259	1.383569871	1	0.171635523
Mammal	2380	90	19.88582487	23.01367452	-1.343143192	1.087701198	238	676	98.53351482	7.511111111	4.792009988	0.84393748	0.450299121	1.448577958	NA	6462.130003	-0.940381836	3.120952221	169	0.174760424
Mammal	2381	64	18.88396848	15.84236214	-0.100853514	0.461895481	170	454	69.92509818	7.09375	5.070436508	0.794642618	0.463739576	1.36435118	NA	4396.160781	-0.283289113	2.283263816	2	0.182541405
Mammal	2382	47	17.33098003	12.76512264	-0.391987183	-0.172821553	121	315	52.30946165	6.70212766	5.126734505	0.7363212	0.509607631	1.229963583	NA	2908.481466	0.29516992	2.223691236	1	0.158559574
Mammal	2383	36	13.23348636	10.96680439	0.045226795	-0.52757359	84	226	40.10980957	6.277777778	4.834920635	0.778117084	0.510249275	1.289376332	NA	1681.989905	0.109688759	2.109342247	2	0.126929835
Mammal	2384	20	12.12674207	5.277878081	1.514841448	-1.458883397	63	121	23.68364116	6.05	6.892105263	0.559983092	0.669097222	0.917758672	NA	879.9120049	1.30212386	1.950716737	8	0.169440109
Mammal	24	260	17	112.8832785	-7.798554604	-0.740257418	2605	3935	331.581801	15.13461538	30.11694387	0.898164663	0.560719702	1.366976356	NA	15743.98426	-0.841758227	3.225389279	26	0.075485187
Mammal	2444	26	14.97583376	10.18757211	-2.474979896	9.999925924	30	132	24.11978027	5.076923077	1.273846154	0.795407151	0.415277778	1.247297917	NA	1321.487219	-0.119750694	2.206206724	1	0.12234843
Mammal	2469	3	15.54574417	2.264054437	0.520006538	9.99992847	1	5	0.693147181	1.666666667	0.333333333	0.754684812	NA	1.052810887	NA	134.4052451	0.948824259	1.383569871	1	0.103504134
Mammal	2470	30	16.63078125	11.82399243	-1.343601024	0.348366772	66	178	29.00504829	5.933333333	3.029885057	0.81429705	0.39156746	1.27663015	NA	1732.889353	-0.273021556	2.397380015	1	0.070011662
Mammal	2471	25	15.54574417	10.25695556	-1.357942775	0.482827876	44	136	23.55831091	5.44	2.006666667	0.800862427	0.400833333	1.240835073	NA	1322.179094	-0.151554389	2.378606665	4	0.070968712
Mammal	25	249	17	107.2166835	-7.558852155	-0.735690653	2351	3629	317.0253536	14.57429719	26.80191735	0.889490194	0.561142685	1.353404989	NA	15092.31638	-0.856512968	3.207941347	15	0.076239088
Mammal	2521	NA	NA	NA	NA	NA	NA	NA	NA	NA	NA	NA	NA	NA	NA	NA	NA	NA	NA	NA
Mammal	2522	3	37.21971036	2.411521243	-0.041375082	9.99992847	1	5	0.693147181	1.666666667	0.333333333	0.803840414	NA	1.082304249	NA	315.1936721	0.817689439	1.36761999	1	0.162296916
Mammal	2523	NA	NA	NA	NA	NA	NA	NA	NA	NA	NA	NA	NA	NA	NA	NA	NA	NA	NA	NA
Mammal	2524	NA	NA	NA	NA	NA	NA	NA	NA	NA	NA	NA	NA	NA	NA	NA	NA	NA	NA	NA
Mammal	2525	NA	NA	NA	NA	NA	NA	NA	NA	NA	NA	NA	NA	NA	NA	NA	NA	NA	NA	NA
Mammal	2526	23	14.70325591	10.61120155	-1.738141922	0.222912191	44	122	22.42333098	5.304347826	2.312252964	0.806874197	0.456785714	1.203028387	NA	1138.96537	0.082420005	1.729117369	8	0.069562871
Mammal	2549	24	26.84387097	9.440580634	-1.045496937	-0.550148052	57	141	24.75016513	5.875	4.027173913	0.729995803	0.412706612	1.116265367	NA	2210.271686	0.689671972	1.697499577	11	0.073990597
Mammal	2572	23	28.57330201	7.984318784	-0.528921343	-0.166925928	56	130	22.60565254	5.652173913	3.328063241	0.705145411	0.540367965	1.117106716	NA	2313.538234	0.683341149	1.424276004	9	0.109342828
Mammal	26	234	16.1	104.1863816	-7.603103867	-0.720074329	2091	3299	296.498978	14.0982906	23.66840908	0.924407602	0.555866185	1.408965807	NA	13375.05384	-0.908126203	3.2232299	314	0.074847006
Mammal	2611	31	44.00064299	11.48930324	-1.308899158	-0.776049275	97	209	34.53828216	6.741935484	4.331182796	0.679164621	0.549181548	1.025221633	NA	4901.67741	0.319420731	2.065214667	1	0.086581906
Mammal	2612	30	36.20545212	12.53239139	-1.637976878	-0.077638019	68	178	31.13708478	5.933333333	3.305747126	0.798501183	0.519126984	1.219661387	NA	3763.497535	-0.104509943	2.09222996	6	0.066795927
Mammal	2613	20	27.65527096	9.943020053	-1.441776056	-0.911575844	48	112	21.00821618	5.6	3.2	0.789717325	0.590151515	1.137178855	NA	1906.62048	-0.27238801	1.778094032	1	0.076855915
Mammal	2642	20	49.22112224	8.302895221	-3.395772719	-0.381898998	41	113	19.10664185	5.65	2.660526316	0.49708798	0.3575	0.625449286	NA	3472.649467	1.940889388	1.114669026	1	0.176934456
Mammal	2661	NA	NA	NA	NA	NA	NA	NA	NA	NA	NA	NA	NA	NA	NA	NA	NA	NA	NA	NA
Mammal	2662	NA	NA	NA	NA	NA	NA	NA	NA	NA	NA	NA	NA	NA	NA	NA	NA	NA	NA	NA
Mammal	2663	802	62.4261219	127.9078095	-3.223626004	-0.38209512	5941	11439	977.8800633	14.26309227	17.5399345	0.794509135	0.487012578	1.431473995	NA	187478.6155	-0.099761306	3.402172539	1	0.267358517
Mammal	2664	4	15	2.574648168	0.268039338	9.999956252	0	8	1.098612289	2	0	0.762441361	0	1.142857143	NA	178.9568	1.218021404	1.990688783	1	0.24887929
Mammal	2665	NA	NA	NA	NA	NA	NA	NA	NA	NA	NA	NA	NA	NA	NA	NA	NA	NA	NA	NA
Mammal	2666	4	15	2.574648168	0.268039338	9.999956252	0	8	1.098612289	2	0	0.762441361	0	1.142857143	NA	178.9568	1.218021404	1.990688783	1	0.245105495
Mammal	2667	507	45.34849277	98.6519758	-6.410056801	-0.248442024	3509	6591	611.7446445	13	13.48221344	0.677423843	0.50566233	1.16300654	NA	86380.31272	0.621148239	3.687023625	28	0.234813093
Mammal	2668	482	36.92977627	114.6536065	-6.429371757	-0.232763118	3001	5943	581.0310836	12.32987552	11.83066485	0.791650929	0.507773983	1.348414545	NA	65197.78249	-0.311129126	3.62099365	1	0.193216004
Mammal	2669	381	32.042706	104.3266689	-5.861093508	-0.240225262	2314	4564	458.2371188	11.97900262	10.65745269	0.798647025	0.521664845	1.327123396	NA	45413.12307	-0.788738272	3.634079563	4	0.162803939
Mammal	2670	378	28.44060029	115.3346732	-6.15797199	-0.130844448	1938	4178	451.6038004	11.05291005	10.04493846	0.89619981	0.519215876	1.491096974	NA	39291.9663	-0.867015125	3.643815665	719	0.138736129
Mammal	2671	295	26.55288575	91.75621495	-6.441925437	0.007079396	1416	3118	346.4484332	10.56949153	9.524916407	0.898035543	0.502267798	1.489901735	NA	28456.23423	-0.76121954	3.324333189	563	0.139876838
Mammal	2672	240	25.68803612	78.60512325	-6.160949735	-0.009640145	1082	2436	280.8115782	10.15	9.082008368	0.888500174	0.502844237	1.455324646	NA	22389.33465	-0.440532605	2.581947493	459	0.131944504
Mammal	2673	147	25.24389517	41.8725369	-6.018900561	-0.452228091	773	1481	176.7730098	10.07482993	10.76833473	0.754255397	0.559008631	1.232754956	NA	13487.23034	0.402191854	1.989156331	86	0.170383375
Mammal	2674	120	24.32035308	34.35484422	-6.703796838	-0.623249187	621	1179	147.3401194	9.825	9.49012605	0.669159715	0.591606703	1.062453512	NA	10765.11309	0.809224243	2.37591774	13	0.180600622
Mammal	2675	107	21.13541833	33.67037402	-7.049002893	-0.608296393	498	996	130.5111561	9.308411215	8.139834244	0.679456051	0.588505545	1.055633895	NA	8080.524997	0.757769144	2.415703438	20	0.167161646
Mammal	2676	92	15.6015637	38.33662129	-7.393281022	-0.539034658	388	812	109.787793	8.826086957	7.024366937	0.783415988	0.572174637	1.162859322	NA	5043.502416	-0.0859165	2.445210136	8	0.148729034
Mammal	2677	84	13.32916946	40.34266109	-7.533439718	-0.570259342	306	694	100.6229731	8.261904762	5.424555364	0.869729542	0.582719587	1.27302867	NA	3731.211816	-0.512334844	2.610810567	1	0.149180153
Mammal	2678	51	11.98692557	28.34060232	-5.560497465	-0.295145059	164	374	56.91612014	7.333333333	3.626666667	0.886313386	0.537349206	1.237951505	NA	2076.525622	-0.413049535	1.889141355	52	0.14106858
Mammal	2679	40	11.14711797	23.04805416	-5.009670874	-0.128238005	111	273	42.61818343	6.825	2.660897436	0.891630248	0.485985798	1.233342555	NA	1514.300475	-0.425427559	1.865390272	1	0.154901533
Mammal	2680	39	10.80553606	22.71341999	-4.991907962	1.882407581	73	233	38.95462179	5.974358974	1.81511471	0.913932266	0.458818342	1.272776389	NA	1397.935923	-0.452363038	1.913414571	38	0.159676668
Mammal	2681	23	10.32311998	13.04584927	-3.489066368	4.519600896	33	115	20.46905258	5	1.181818182	0.878368665	0.375277778	1.23606981	NA	794.1565994	-0.421279901	1.765555829	23	0.142157621
Mammal	27	220	16.1	97.77851415	-7.425509953	-0.727331276	1866	3004	278.753856	13.65454545	19.88924865	0.915574861	0.557277177	1.39240325	NA	12576.45674	-0.902426412	3.153170942	1	0.075535457
Mammal	2728	33	9.628938581	20.04114984	-5.326531693	-1.05760833	124	236	39.28801236	7.151515152	8.382575758	0.872054112	0.670959596	1.166750327	NA	1027.49748	-0.206292116	1.573678254	34	0.192085797
Mammal	2729	22	9.101548087	14.55361503	-4.901434617	-1.39195379	96	158	27.1635837	7.181818182	8.441558442	0.818344748	0.742192761	1.014332262	NA	652.7006435	0.138857243	1.157521504	21	0.234997584
Mammal	2730	20	8.601027943	13.46314663	-4.714373167	-1.429323559	78	134	24.11906126	6.7	6.221052632	0.825734691	0.731565657	1.021040304	NA	562.3575631	0.028636251	1.201932627	19	0.245546747
Mammal	2793	27	23.37142857	9.357920963	-0.321763027	0.761770578	59	155	24.44928384	5.740740741	2.891737892	0.772111952	0.383928571	1.245836451	NA	2220.251751	-0.282547042	2.403617537	1	0.095857689
Mammal	2794	23	20.84285714	8.62917739	-0.444479033	1.831276824	37	119	19.39942783	5.173913043	1.968379447	0.787709515	0.310714286	1.255941312	NA	1657.889611	-0.410885561	2.471871191	1	0.07152063
Mammal	28	219	15.92069671	97.85719825	-7.437869418	-0.649268098	1648	2784	273.3647843	12.71232877	19.24255373	0.925103052	0.553329633	1.409124208	NA	12154.10174	-0.90747822	3.164104752	293	0.075157457
Mammal	2819	93	25.15829109	38.20654687	-3.61702437	1.84390158	255	715	98.56210484	7.688172043	2.977793361	0.920624543	0.413402631	1.444596747	NA	8341.129913	-1.160687285	3.773886529	162	0.075365963
Mammal	2820	NA	NA	NA	NA	NA	NA	NA	NA	NA	NA	NA	NA	NA	NA	NA	NA	NA	NA	NA
Mammal	2821	NA	NA	NA	NA	NA	NA	NA	NA	NA	NA	NA	NA	NA	NA	NA	NA	NA	NA	NA
Mammal	2822	39	23.40495659	19.97980837	-4.200650957	4.74356049	58	226	38.2183876	5.794871795	1.641025641	0.901909353	0.411463845	1.321289676	NA	3072.879292	-0.497636789	1.953945447	29	0.113599972
Mammal	2823	22	23.06893127	12.75854243	-3.664588706	9.999932192	24	106	20.00968735	4.818181818	1.012987013	0.886457785	0.416666667	1.24119393	NA	1651.407274	-0.351779287	1.676099612	21	0.15294509
Mammal	2860	NA	NA	NA	NA	NA	NA	NA	NA	NA	NA	NA	NA	NA	NA	NA	NA	NA	NA	NA
Mammal	29	184	15.66099042	79.12251216	-6.009245705	-0.768684144	1443	2367	234.1774834	12.86413043	14.27105607	0.915974067	0.57817544	1.408877632	NA	10224.02811	-0.977609538	3.169047323	5	0.069918443
Mammal	2911	55	25.54030079	16.26071738	-1.729112778	0.062472056	149	387	59.95327524	7.036363636	3.628282828	0.763879332	0.494969948	1.256576207	NA	5039.217344	-0.000368716	2.985546636	1	0.139907438
Mammal	2912	43	21.39029067	15.4608666	-2.958995522	0.124948929	98	280	45.26437811	6.511627907	2.970099668	0.77908985	0.46367931	1.228154215	NA	3163.095104	-0.396670221	3.04436298	1	0.121367004
Mammal	2913	25	17.73832	11.85023293	-2.795768184	-0.051240827	52	144	24.33101992	5.76	2.773333333	0.746664242	0.460479798	1.062485149	NA	1522.432699	0.046984453	1.793466666	2	0.116630542
Mammal	2914	23	14.15519677	12.8538473	-2.91622007	1.841546489	31	117	21.15296609	5.086956522	1.628458498	0.879710161	0.41969697	1.247733726	NA	1060.286299	-0.487592878	1.887028025	27	0.135593613
Mammal	2965	83	27.94692653	30.10755617	-1.555437506	-0.588099198	310	682	99.22312195	8.21686747	7.659712019	0.901165403	0.577910953	1.456132491	NA	8216.05941	-1.161659884	3.584522366	148	0.080353292
Mammal	2966	3	25.78098623	2.253763579	0.561924316	9.99992847	1	5	0.693147181	1.666666667	0.333333333	0.751254526	NA	1.050752716	NA	223.2317008	0.950686236	1.344633656	1	0.070369767
Mammal	2967	3	25.78098623	2.253763579	0.561924316	9.99992847	1	5	0.693147181	1.666666667	0.333333333	0.751254526	NA	1.050752716	NA	223.2317008	0.950686236	1.344633656	1	0.054390137
Mammal	2968	25	25.78098623	10.37302006	-0.744218604	-0.946661684	73	151	27.6830965	6.04	5.706666667	0.814421128	0.63041958	1.263571177	NA	2206.13542	-0.135722869	1.570446369	24	0.054444194
Mammal	298	NA	NA	NA	NA	NA	NA	NA	NA	NA	NA	NA	NA	NA	NA	NA	NA	NA	NA	NA
Mammal	299	NA	NA	NA	NA	NA	NA	NA	NA	NA	NA	NA	NA	NA	NA	NA	NA	NA	NA	NA
Mammal	2992	NA	NA	NA	NA	NA	NA	NA	NA	NA	NA	NA	NA	NA	NA	NA	NA	NA	NA	NA
Mammal	2993	NA	NA	NA	NA	NA	NA	NA	NA	NA	NA	NA	NA	NA	NA	NA	NA	NA	NA	NA
Mammal	3	1761	105.5252371	157.9510272	2.650642251	-0.664252065	28557	41021	2248.872282	23.29415105	70.10433509	0.637090148	0.52169948	1.185340129	NA	724210.4154	0.835554877	3.976080404	1151	0.343304763
Mammal	30	181	15.48124335	78.59685339	-6.039471866	-0.724049384	1264	2178	228.27485	12.03314917	12.74333947	0.923902603	0.573933169	1.420635985	NA	9953.9989	-0.974151039	3.163307987	2	0.069869227
Mammal	300	NA	NA	NA	NA	NA	NA	NA	NA	NA	NA	NA	NA	NA	NA	NA	NA	NA	NA	NA
Mammal	301	NA	NA	NA	NA	NA	NA	NA	NA	NA	NA	NA	NA	NA	NA	NA	NA	NA	NA	NA
Mammal	302	NA	NA	NA	NA	NA	NA	NA	NA	NA	NA	NA	NA	NA	NA	NA	NA	NA	NA	NA
Mammal	3028	23	25.93017977	8.640636425	-0.64351585	5.049271465	33	115	21.21935818	5	1.545454545	0.726197614	0.450054113	1.129651208	NA	2066.125723	0.410842129	1.650057988	11	0.080391708
Mammal	303	NA	NA	NA	NA	NA	NA	NA	NA	NA	NA	NA	NA	NA	NA	NA	NA	NA	NA	NA
Mammal	304	NA	NA	NA	NA	NA	NA	NA	NA	NA	NA	NA	NA	NA	NA	NA	NA	NA	NA	NA
Mammal	305	NA	NA	NA	NA	NA	NA	NA	NA	NA	NA	NA	NA	NA	NA	NA	NA	NA	NA	NA
Mammal	3052	NA	NA	NA	NA	NA	NA	NA	NA	NA	NA	NA	NA	NA	NA	NA	NA	NA	NA	NA
Mammal	3053	NA	NA	NA	NA	NA	NA	NA	NA	NA	NA	NA	NA	NA	NA	NA	NA	NA	NA	NA
Mammal	3054	NA	NA	NA	NA	NA	NA	NA	NA	NA	NA	NA	NA	NA	NA	NA	NA	NA	NA	NA
Mammal	3055	NA	NA	NA	NA	NA	NA	NA	NA	NA	NA	NA	NA	NA	NA	NA	NA	NA	NA	NA
Mammal	3056	NA	NA	NA	NA	NA	NA	NA	NA	NA	NA	NA	NA	NA	NA	NA	NA	NA	NA	NA
Mammal	3057	NA	NA	NA	NA	NA	NA	NA	NA	NA	NA	NA	NA	NA	NA	NA	NA	NA	NA	NA
Mammal	3058	NA	NA	NA	NA	NA	NA	NA	NA	NA	NA	NA	NA	NA	NA	NA	NA	NA	NA	NA
Mammal	3059	NA	NA	NA	NA	NA	NA	NA	NA	NA	NA	NA	NA	NA	NA	NA	NA	NA	NA	NA
Mammal	306	NA	NA	NA	NA	NA	NA	NA	NA	NA	NA	NA	NA	NA	NA	NA	NA	NA	NA	NA
Mammal	307	NA	NA	NA	NA	NA	NA	NA	NA	NA	NA	NA	NA	NA	NA	NA	NA	NA	NA	NA
Mammal	308	27	10.2	14.10559496	-3.422249599	0.796402327	48	148	26.42781921	5.481481481	1.951566952	0.871905307	0.434920635	1.263140765	NA	914.0924378	-0.326902219	1.844188521	28	0.119657245
Mammal	31	179	15.24893848	78.42317091	-6.008346369	-0.654096627	1087	1995	223.0818932	11.1452514	11.74282845	0.936278884	0.569424138	1.441623013	NA	9558.126876	-0.975259988	3.172331122	325	0.068585247
Mammal	3112	23	22.74569185	9.574975218	-0.868839587	9.999937695	24	112	19.65074226	4.869565217	1.027667984	0.841269903	0.25462963	1.321496388	NA	1797.607491	-0.579565492	2.756631283	38	0.063590068
Mammal	3134	21	24.85376331	9.976526465	-1.913559802	1.079395523	29	105	19.80229216	5	1.5	0.830432916	0.415	1.241601448	NA	1749.615336	-0.215163696	1.742120748	3	0.089558417
Mammal	3154	NA	NA	NA	NA	NA	NA	NA	NA	NA	NA	NA	NA	NA	NA	NA	NA	NA	NA	NA
Mammal	3155	3	5.471872865	2.226563592	0.674583633	9.99992847	1	5	0.693147181	1.666666667	0.333333333	0.742187864	NA	1.045312718	NA	47.56938793	0.951757137	1.254555935	1	0.129505578
Mammal	3188	NA	NA	NA	NA	NA	NA	NA	NA	NA	NA	NA	NA	NA	NA	NA	NA	NA	NA	NA
Mammal	3189	NA	NA	NA	NA	NA	NA	NA	NA	NA	NA	NA	NA	NA	NA	NA	NA	NA	NA	NA
Mammal	3190	NA	NA	NA	NA	NA	NA	NA	NA	NA	NA	NA	NA	NA	NA	NA	NA	NA	NA	NA
Mammal	3191	NA	NA	NA	NA	NA	NA	NA	NA	NA	NA	NA	NA	NA	NA	NA	NA	NA	NA	NA
Mammal	3192	NA	NA	NA	NA	NA	NA	NA	NA	NA	NA	NA	NA	NA	NA	NA	NA	NA	NA	NA
Mammal	3193	NA	NA	NA	NA	NA	NA	NA	NA	NA	NA	NA	NA	NA	NA	NA	NA	NA	NA	NA
Mammal	3194	NA	NA	NA	NA	NA	NA	NA	NA	NA	NA	NA	NA	NA	NA	NA	NA	NA	NA	NA
Mammal	3195	127	25.95674774	34.73665619	-3.588467726	-0.43131995	664	1272	150.0939082	10.01574803	12.30133733	0.746480769	0.552646773	1.230053026	NA	11992.29739	0.195306133	2.047329394	12	0.16603209
Mammal	3196	115	23.03332368	33.62521686	-3.453692683	-0.342896985	532	1086	133.9778948	9.443478261	11.24897025	0.784412878	0.540074394	1.288240689	NA	9538.676279	0.151768841	2.069393961	30	0.151796877
Mammal	3197	86	21.29646622	25.6757359	-3.453612711	-0.630701593	440	820	102.7217506	9.534883721	9.922298222	0.692041465	0.585699663	1.10017653	NA	6630.463574	0.616930102	2.705730854	6	0.150555066
Mammal	3198	80	19.27264647	26.26935731	-3.698060299	-0.628757585	364	718	95.28336709	8.975	7.847468354	0.71557877	0.593216927	1.118281516	NA	5604.820078	0.338403839	2.764433221	3	0.129509046
Mammal	3199	77	17.16032758	27.12628413	-3.875812764	-0.509751224	289	633	90.22077206	8.220779221	6.516404648	0.77862152	0.584405593	1.22140736	NA	4730.585727	0.092507199	2.787544169	6	0.115669255
Mammal	32	133	14.97478946	60.58235648	-5.278248284	-0.503574672	731	1387	159.9322179	10.42857143	11.0952381	0.935243215	0.534582438	1.424460055	NA	7039.642592	-0.862568901	2.625952283	226	0.06648602
Mammal	3200	62	13.4134754	26.07350907	-4.189304549	-0.63604955	212	484	73.02107193	7.806451613	5.60126917	0.864168472	0.591268581	1.328005534	NA	2847.387678	-0.675487321	2.584313258	2	0.100723073
Mammal	3201	NA	NA	NA	NA	NA	NA	NA	NA	NA	NA	NA	NA	NA	NA	NA	NA	NA	NA	NA
Mammal	3202	NA	NA	NA	NA	NA	NA	NA	NA	NA	NA	NA	NA	NA	NA	NA	NA	NA	NA	NA
Mammal	3203	NA	NA	NA	NA	NA	NA	NA	NA	NA	NA	NA	NA	NA	NA	NA	NA	NA	NA	NA
Mammal	3232	30	11.88969982	15.61859772	-3.31335225	-0.73634223	98	202	32.80049757	6.733333333	6.271264368	0.845962274	0.577592593	1.207967767	NA	1201.987382	-0.389007109	1.793114685	44	0.105913073
Mammal	3233	27	11.44375113	14.37247385	-3.134149888	-0.659640234	73	167	28.74005456	6.185185185	4.849002849	0.845985751	0.559665533	1.199865312	NA	1021.305343	-0.36569997	1.648000348	39	0.114163437
Mammal	3282	29	20.7672006	10.77155681	-0.933867117	9.999924469	35	151	26.51994569	5.206896552	1.169950739	0.84453882	0.395752325	1.363603879	NA	2084.334122	-0.819458743	3.312199643	50	0.086453439
Mammal	33	131	14.90290248	58.96472526	-5.23447907	-0.345909203	602	1252	155.049416	9.557251908	10.15631239	0.937757054	0.527763757	1.435109121	NA	6869.310939	-0.870192373	2.650523294	224	0.068526861
Mammal	3321	NA	NA	NA	NA	NA	NA	NA	NA	NA	NA	NA	NA	NA	NA	NA	NA	NA	NA	NA
Mammal	3322	NA	NA	NA	NA	NA	NA	NA	NA	NA	NA	NA	NA	NA	NA	NA	NA	NA	NA	NA
Mammal	3323	22	24.41711096	10.93243134	-2.265346166	-1.135036858	84	152	25.0533705	6.909090909	6.753246753	0.730944662	0.593607504	1.01191446	NA	1838.029979	0.811095622	1.463454509	4	0.088321791
Mammal	3324	20	23.08993269	9.693482992	-2.113250642	-1.108026172	66	128	22.00884806	6.4	4.673684211	0.713167719	0.564109347	0.99362431	NA	1597.252616	0.728563582	1.463167698	2	0.092719068
Mammal	3384	3	45.96022413	2.396719946	0.011852074	9.99992847	1	5	0.693147181	1.666666667	0.333333333	0.798906649	NA	1.079343989	NA	389.9943641	0.840342301	1.42914876	1	0.125853307
Mammal	3385	3	45.96022413	2.396719946	0.011852074	9.99992847	1	5	0.693147181	1.666666667	0.333333333	0.798906649	NA	1.079343989	NA	389.9943641	0.840342301	1.42914876	1	0.095219022
Mammal	3386	34	35.07978629	16.81554186	-2.871258375	-0.013424612	74	204	36.34439004	6	2.606060606	0.885035825	0.587149173	1.310078668	NA	3995.381481	-0.729427276	2.309021719	54	0.083160852
Mammal	3387	21	31.13696866	10.97687026	-2.529342095	0.886818002	36	106	20.33373707	5.047619048	1.947619048	0.875943998	0.576388889	1.283606545	NA	2151.260652	-0.549392821	1.913832204	34	0.103178684
Mammal	34	120	14.86397607	53.91723282	-5.019080712	-0.316982553	480	1076	141.5231888	8.966666667	8.973669468	0.930344438	0.540797671	1.42193096	NA	6221.778765	-0.797608511	2.521270059	205	0.070559948
Mammal	345	23	13.04044193	10.19273123	-1.694567077	-0.431855909	54	126	23.59705074	5.47826087	3.351778656	0.803791026	0.684090909	1.216169091	NA	1003.953643	0.040977561	1.501222626	14	0.069344728
Mammal	3451	339	58.48370013	57.34561528	-0.17492937	-0.435974559	1842	3978	410.9043571	11.73451327	12.22516626	0.743577782	0.477259633	1.322403008	NA	73697.20183	-0.00203693	3.761733638	4	0.253825739
Mammal	3452	NA	NA	NA	NA	NA	NA	NA	NA	NA	NA	NA	NA	NA	NA	NA	NA	NA	NA	NA
Mammal	3453	NA	NA	NA	NA	NA	NA	NA	NA	NA	NA	NA	NA	NA	NA	NA	NA	NA	NA	NA
Mammal	3454	NA	NA	NA	NA	NA	NA	NA	NA	NA	NA	NA	NA	NA	NA	NA	NA	NA	NA	NA
Mammal	3455	NA	NA	NA	NA	NA	NA	NA	NA	NA	NA	NA	NA	NA	NA	NA	NA	NA	NA	NA
Mammal	3456	NA	NA	NA	NA	NA	NA	NA	NA	NA	NA	NA	NA	NA	NA	NA	NA	NA	NA	NA
Mammal	3457	NA	NA	NA	NA	NA	NA	NA	NA	NA	NA	NA	NA	NA	NA	NA	NA	NA	NA	NA
Mammal	3458	3	2.536456154	2.578851359	-0.60061554	9.99992847	1	5	0.693147181	1.666666667	0.333333333	0.85961712	NA	1.115770272	NA	21.02788218	0.435364196	0.939237356	1	0.092608966
Mammal	3459	NA	NA	NA	NA	NA	NA	NA	NA	NA	NA	NA	NA	NA	NA	NA	NA	NA	NA	NA
Mammal	3495	NA	NA	NA	NA	NA	NA	NA	NA	NA	NA	NA	NA	NA	NA	NA	NA	NA	NA	NA
Mammal	3496	NA	NA	NA	NA	NA	NA	NA	NA	NA	NA	NA	NA	NA	NA	NA	NA	NA	NA	NA
Mammal	3497	NA	NA	NA	NA	NA	NA	NA	NA	NA	NA	NA	NA	NA	NA	NA	NA	NA	NA	NA
Mammal	3498	NA	NA	NA	NA	NA	NA	NA	NA	NA	NA	NA	NA	NA	NA	NA	NA	NA	NA	NA
Mammal	35	85	14.4	36.69639954	-3.863104973	-0.668071639	373	755	103.0677201	8.882352941	9.057422969	0.905722016	0.593227687	1.394690958	NA	4352.523384	-0.53385715	2.030307062	153	0.076592621
Mammal	3526	65	24.264865	13.9938388	2.225834728	-0.828895697	266	528	79.23570511	8.123076923	7.547115385	0.757832908	0.631383727	1.322812566	NA	5866.781888	-0.011049695	3.073978805	4	0.213750347
Mammal	3527	4	11.46749085	3.019560797	-0.49068272	9.999956252	0	8	1.098612289	2	0	0.836593466	0	1.142857143	NA	132.1422749	0.456002341	1.129204881	2	0.185811908
Mammal	3528	31	15.71103511	7.87913318	1.462426355	-0.721174624	105	209	33.90875444	6.741935484	7.531182796	0.692383216	0.560801698	1.174403993	NA	1768.383942	0.460157164	1.665606363	1	0.175532492
Mammal	3529	22	13.89407814	7.028888293	0.310789639	-0.945238482	80	144	23.70961664	6.545454545	7.878787879	0.590515411	0.618909331	0.914730227	NA	1084.082096	1.199359363	1.509017977	10	0.114520681
Mammal	3590	26	23.44697301	12.66891184	-2.551812705	-0.540219146	66	162	26.79632069	6.230769231	4.504615385	0.772660981	0.374000999	1.099713832	NA	2109.382569	0.473548569	1.173824462	2	0.081080186
Mammal	3591	24	21.87378296	11.43728795	-2.609733491	-0.110588894	44	134	23.57744487	5.583333333	3.210144928	0.785232418	0.327872885	1.140428637	NA	1757.099309	0.409525315	1.213316723	10	0.096022355
Mammal	36	77	14.4	32.85759308	-3.501893873	-0.725988028	301	645	93.80062142	8.376623377	7.343130554	0.888750395	0.61258482	1.367199855	NA	3946.959321	-0.401025268	1.846336281	98	0.074447601
Mammal	3631	159	52.60537756	37.55781533	-0.938365578	-0.323147494	867	1737	183.7711145	10.9245283	13.3233819	0.682482381	0.432135274	1.137162166	NA	31280.51999	-0.217399475	6.03527349	4	0.182402622
Mammal	3632	156	42.21350055	44.62150323	-1.156922999	-0.194505058	713	1573	178.0153723	10.08333333	12.23172043	0.835289774	0.424807927	1.393617216	NA	24123.91679	-1.082203175	6.030285405	4	0.144702931
Mammal	3633	80	41.32156641	28.80238366	-2.174874661	-0.613037248	529	865	93.48299373	10.8125	14.45806962	0.72180654	0.446064159	1.098550112	NA	11980.7318	-0.052475015	2.471964576	3	0.089387315
Mammal	3634	77	35.66765066	30.72591593	-2.413872183	-0.524042523	454	780	88.4203987	10.12987013	12.2987013	0.810797126	0.43204145	1.238506027	NA	9788.957669	-0.435771277	2.516469992	117	0.063838117
Mammal	3635	72	33.65409861	29.31369959	-2.472808383	-0.48656691	385	691	82.01022382	9.597222222	9.736893584	0.831690907	0.431198753	1.27344065	NA	8669.097829	-0.608881418	2.74383814	1	0.061857058
Mammal	3636	71	32.66091519	29.14427991	-2.501363661	-0.182395918	315	619	77.74754394	8.718309859	8.805231388	0.852026673	0.413857742	1.311226192	NA	8184.963433	-0.646887203	2.80672447	10	0.060570308
Mammal	3637	63	31.16013955	26.52383944	-2.467523123	-0.203138551	255	523	68.78054983	8.301587302	6.826932924	0.854757349	0.419229773	1.308222587	NA	6981.686344	-0.729613001	2.94815148	2	0.060900405
Mammal	3638	61	30.07251449	25.50032933	-2.430665715	0.239617587	196	458	64.65341544	7.508196721	5.687431694	0.875624558	0.399678456	1.354008726	NA	6375.289526	-0.818559616	3.128038159	94	0.060947933
Mammal	3639	49	29.15549237	20.56603595	-1.9698741	0.044976609	151	351	51.76424595	7.163265306	4.722789116	0.849999715	0.423650323	1.30569712	NA	5041.401191	-0.72411047	3.168409579	6	0.059766648
Mammal	3640	43	26.6	18.15287965	-1.599472943	0.301520375	108	284	44.20416549	6.604651163	3.625692137	0.886765197	0.405492899	1.381188833	NA	4063.861406	-0.958645521	3.402669413	68	0.051725295
Mammal	3641	35	26.6	15.12131648	-1.549481389	0.123952039	76	216	35.747997	6.171428571	2.616806723	0.849560144	0.422668651	1.302393065	NA	3293.006063	-0.731591151	3.047574143	54	0.055554936
Mammal	3642	20	19.6	11.0738434	-1.51049889	0.381713848	38	104	17.99169314	5.2	2.589473684	0.922177578	0.374652778	1.3478491	NA	1330.221809	-0.832269156	2.327097248	30	0.12489541
Mammal	367	37	16.63436129	18.4715327	-2.800714718	1.570116389	71	219	35.8831661	5.918918919	2.40990991	0.891235204	0.404627236	1.314919234	NA	2064.490952	-0.61545217	2.028000846	29	0.081204049
Mammal	368	26	15.86973004	13.14868716	-1.763406763	0.986216196	44	140	24.64995453	5.384615385	2.246153846	0.870280809	0.414751915	1.279214409	NA	1400.838347	-0.302925162	1.632707479	18	0.077155633
Mammal	37	41	14.4	19.39547061	-1.959235034	-0.722720792	135	287	47.10026663	7	5.8	0.910675818	0.586361877	1.378273078	NA	2067.181954	-0.707414687	2.25393376	69	0.059986812
Mammal	3715	NA	NA	NA	NA	NA	NA	NA	NA	NA	NA	NA	NA	NA	NA	NA	NA	NA	NA	NA
Mammal	3716	NA	NA	NA	NA	NA	NA	NA	NA	NA	NA	NA	NA	NA	NA	NA	NA	NA	NA	NA
Mammal	3717	NA	NA	NA	NA	NA	NA	NA	NA	NA	NA	NA	NA	NA	NA	NA	NA	NA	NA	NA
Mammal	3718	20	23.47732306	7.810375343	0.424174335	9.999935409	18	92	15.67727359	4.6	0.778947368	0.811603893	0.128472222	1.297196901	NA	1636.428319	-0.144710543	1.908408333	32	0.046848565
Mammal	3758	35	25.6230373	11.36973476	-0.008491645	0.008427518	104	232	34.83949598	6.628571429	5.475630252	0.750330826	0.444101487	1.212997996	NA	3188.003665	0.075160226	2.09839825	16	0.108130864
Mammal	3759	28	21.60346208	10.23582547	-0.391500691	-0.057159455	77	175	27.03646934	6.25	4.638888889	0.753148745	0.41728656	1.185397696	NA	2114.511223	-0.001715926	2.111529736	2	0.075584109
Mammal	3760	23	17.87299362	9.282149263	-0.313305946	-0.011309419	56	134	21.25572582	5.826086957	3.604743083	0.788804153	0.375714286	1.227839131	NA	1437.18742	-0.257958865	2.187614202	37	0.048840612
Mammal	3761	21	16.56116216	8.629999484	-0.281228804	0.977027296	37	109	18.16468337	5.19047619	2.361904762	0.80866475	0.317460317	1.265971709	NA	1200.65093	-0.392845006	2.297299627	34	0.044849527
Mammal	3799	NA	NA	NA	NA	NA	NA	NA	NA	NA	NA	NA	NA	NA	NA	NA	NA	NA	NA	NA
Mammal	38	35	14.4	15.82004588	-1.342274874	-0.921569644	104	230	40.70333697	6.571428571	4.487394958	0.88441336	0.61664072	1.352261032	NA	1772.998689	-0.541979804	2.31097666	53	0.053505265
Mammal	3800	NA	NA	NA	NA	NA	NA	NA	NA	NA	NA	NA	NA	NA	NA	NA	NA	NA	NA	NA
Mammal	3801	NA	NA	NA	NA	NA	NA	NA	NA	NA	NA	NA	NA	NA	NA	NA	NA	NA	NA	NA
Mammal	3802	NA	NA	NA	NA	NA	NA	NA	NA	NA	NA	NA	NA	NA	NA	NA	NA	NA	NA	NA
Mammal	3803	NA	NA	NA	NA	NA	NA	NA	NA	NA	NA	NA	NA	NA	NA	NA	NA	NA	NA	NA
Mammal	3804	216	28.91903494	46.44140178	-1.804414303	-0.622714434	1367	2535	268.2426739	11.73611111	11.70213178	0.73196438	0.507336806	1.255479605	NA	23591.2343	-0.168189835	4.442739915	3	0.214238081
Mammal	3805	213	26.23451836	48.44833057	-2.314202109	-0.558462161	1156	2314	262.1788887	10.86384977	10.68420586	0.798497189	0.50310772	1.376412514	NA	20604.24131	-0.404638316	4.468140214	1	0.202070219
Mammal	3806	184	23.97183823	44.63995043	-2.466310325	-0.577877036	920	1920	225.8917478	10.43478261	9.416488477	0.811281864	0.490462292	1.387865428	NA	15983.35559	-1.128491324	4.415043053	1	0.18757572
Mammal	3807	117	19.37499306	37.1141568	-1.813817625	-0.757216521	642	1210	145.7649286	10.34188034	9.399351606	0.841712018	0.501419559	1.377983919	NA	8327.589428	-0.69055059	2.80839614	1	0.117001023
Mammal	3808	116	18.9235796	36.95178917	-1.924470405	-0.617140362	527	1093	141.0113385	9.422413793	8.715667166	0.858972177	0.493109885	1.411403737	NA	7865.553087	-0.706344885	2.822669997	205	0.116401217
Mammal	3809	89	18.41332535	28.29488591	-1.185585297	-0.689276592	403	819	107.6159639	9.202247191	7.82226762	0.813880077	0.473746422	1.325035012	NA	5863.991618	-0.290545247	2.477279401	15	0.116136452
Mammal	3810	57	16.6522752	18.38442837	-1.570774451	-0.65950092	247	485	66.3045157	8.50877193	7.254385965	0.705952199	0.483811699	1.111215683	NA	3472.289477	0.102961299	2.40464808	1	0.119426762
Mammal	3811	56	14.53433274	19.7719667	-1.852272049	-0.321428975	192	428	62.27916401	7.642857143	6.342857143	0.796572749	0.465376403	1.263114824	NA	2916.618054	-0.123695833	2.434194231	18	0.096468412
Mammal	3812	53	13.81488941	19.1493662	-1.88567028	0.012357791	141	367	57.57868364	6.924528302	5.186502177	0.814502334	0.448931398	1.292168666	NA	2578.943226	-0.16233543	2.491759197	14	0.091157551
Mammal	3813	39	11.61055315	14.41821454	-1.360728512	-0.343122149	103	255	42.28601478	6.538461538	5.255060729	0.815268918	0.459183214	1.294016886	NA	1564.335784	-0.534137896	2.499990596	1	0.084910753
Mammal	3814	28	10.52229833	11.71713744	-0.762495593	-0.941984239	81	177	31.55835178	6.321428571	5.041005291	0.796563601	0.561669283	1.217945207	NA	1030.219866	0.149183705	1.662673295	6	0.045958197
Mammal	3866	32	17.4747333	12.141	0.086825283	-0.929196077	131	245	36.83411141	7.65625	8.619959677	0.731250656	0.466802394	1.120623966	NA	1972.22535	0.670386506	1.521835483	14	0.059697286
Mammal	3867	29	16.77687083	10.91523047	0.251948672	-0.91276929	104	208	32.70697702	7.172413793	6.57635468	0.704454637	0.438126937	1.073299056	NA	1744.909249	0.888073562	1.631036327	18	0.06362783
Mammal	3868	28	16.28940416	10.18202217	0.281141061	-0.554874545	77	179	29.37477251	6.392857143	5.358465608	0.702988329	0.391304182	1.085281796	NA	1602.291201	0.906215192	1.624723754	17	0.073907271
Mammal	3869	20	15.57074381	6.046571589	0.971448711	-0.993102831	60	126	21.36043678	6.3	4.431578947	0.460030172	0.439880952	0.671232116	NA	1134.585329	2.669113164	1.734606523	1	0.131533115
Mammal	3897	27	17.3502153	10.15396999	-1.441309074	-0.522961269	62	158	28.6504424	5.851851852	3.131054131	0.699554179	0.546838624	1.066787921	NA	1611.65482	0.891756427	1.779910677	10	0.093839432
Mammal	39	28	14.4	13.25794793	-1.378183866	-1.02524219	73	171	31.9840196	6.107142857	3.728835979	0.853146702	0.596321734	1.275064338	NA	1406.611682	-0.058978217	1.728763815	11	0.059227008
Mammal	3923	6	13.50035083	2.750774079	0.967713275	9.999944685	2	16	2.708050201	2.666666667	0.266666667	0.638202463	0.208333333	1.010454666	NA	265.2147826	1.129432568	1.318366518	1	0.168390209
Mammal	3924	4	13.50035083	2.377397446	0.91017981	9.999956252	0	8	1.098612289	2	0	0.729566241	0	1.142857143	NA	165.4401465	1.552182001	3.060815967	1	0.128886275
Mammal	3925	6	13.50035083	2.750774079	0.967713275	9.999944685	2	16	2.708050201	2.666666667	0.266666667	0.638202463	0.208333333	1.010454666	NA	265.2147826	1.129432568	1.318366518	1	0.112507687
Mammal	3926	21	10.4823751	8.930859914	-1.414506338	-0.290486639	53	119	19.89190432	5.666666667	4.533333333	0.714256977	0.493055556	1.057140983	NA	764.5339739	0.701136691	1.421367687	6	0.086469094
Mammal	3959	NA	NA	NA	NA	NA	NA	NA	NA	NA	NA	NA	NA	NA	NA	NA	NA	NA	NA	NA
Mammal	3960	20	6.982956574	10.55616374	-2.98192777	-0.824761161	53	115	20.72053411	5.75	3.671052632	0.757212482	0.594285714	1.037404079	NA	476.9388262	0.17883875	1.357645211	1	0.12885756
Mammal	3989	29	17.33569923	10.94593565	-0.27603875	-0.501512801	81	181	30.93055464	6.24137931	3.618226601	0.789350997	0.573374542	1.244954742	NA	1782.103755	0.193222645	1.715081659	14	0.060682354
Mammal	3990	27	16.54436916	9.991243947	-0.147646984	0.236137747	56	150	27.59835013	5.555555556	2.41025641	0.794415102	0.546474359	1.266466206	NA	1545.661418	0.221540973	1.77797586	12	0.066612818
Mammal	4	4	98.00188865	2.117771746	1.97950455	9.999956252	0	8	1.098612289	2	0	0.686295291	0	1.142857143	NA	1249.865442	1.758052804	9.372472393	1	0.339272081
Mammal	4027	91	53.96022276	19.7524238	-1.837701244	-1.031185743	646	1020	120.1692868	11.20879121	16.52258852	0.505617618	0.632812893	0.807310744	NA	18432.59253	1.830840531	2.009086295	3	0.212934071
Mammal	4028	89	33.21857423	29.55772408	-2.604058828	-0.989245716	559	927	115.6694772	10.41573034	14.92747702	0.784959849	0.625324636	1.252436265	NA	10763.99159	0.451133964	2.085123029	55	0.114520741
Mammal	4029	86	32.71062072	27.76491246	-2.655987312	-0.960449915	475	833	110.4989932	9.686046512	13.25321477	0.781835562	0.618032108	1.256092664	NA	10162.554	0.46793	2.091749171	51	0.123240943
Mammal	4030	71	32.59251013	22.23613962	-2.482319858	-0.953651386	377	667	89.85331704	9.394366197	12.04225352	0.698639299	0.588033245	1.101663367	NA	8384.27156	0.876710728	2.02088181	27	0.133305025
Mammal	4031	48	25.62700522	13.95818256	-2.164490466	-1.023124253	260	436	59.80478854	9.083333333	12.71631206	0.531104478	0.598713717	0.794781922	NA	4523.98989	1.861857182	1.880411643	3	0.161738364
Mammal	4032	45	18.48681419	15.21844952	-3.622671722	-1.00463668	217	383	55.26149375	8.511111111	10.57373737	0.646118773	0.586409216	0.979979628	NA	2934.131924	1.051525083	1.903601489	8	0.148359348
Mammal	4033	37	11.3008275	17.96012455	-3.757632375	-1.118032821	178	310	45.84251452	8.378378378	8.241741742	0.806181902	0.599524393	1.156882784	NA	1456.892154	-0.141631276	1.805378143	1	0.111118106
Mammal	4034	36	10.85037262	17.62271157	-3.828307965	-0.941111885	143	273	42.25899558	7.583333333	6.878571429	0.828115554	0.57844673	1.19793447	NA	1346.51108	-0.228505318	1.854999053	2	0.116240382
Mammal	4035	34	10.15839846	17.23067871	-3.772613806	-0.823505976	111	235	38.70364752	6.911764706	5.295008913	0.86303525	0.55974751	1.25265312	NA	1181.868188	-0.294234657	1.869207101	11	0.118617857
Mammal	4036	31	10.02223921	15.38070112	-3.705580948	-0.754035849	82	196	34.51399278	6.322580645	3.825806452	0.848627935	0.542717087	1.237864725	NA	1040.760432	-0.310722257	1.904693852	8	0.126789751
Mammal	4037	25	9.580004229	12.64616059	-3.258300553	-0.804763422	56	146	27.01845083	5.84	2.973333333	0.824378959	0.519230769	1.18724615	NA	784.5540469	-0.229691568	1.82897098	2	0.125246578
Mammal	4078	23	31.68252846	11.3358914	-3.714814872	-1.048825044	92	160	25.80003326	6.956521739	7.95256917	0.654911086	0.58484127	0.858675791	NA	2495.564182	0.867496349	1.084406347	3	0.161005666
Mammal	4079	21	24.23324718	13.16089689	-4.599446422	-0.994980408	73	135	22.70899081	6.428571429	6.057142857	0.769860209	0.549823633	0.954399368	NA	1688.341287	0.15543985	1.115849423	1	0.212534997
Mammal	4080	20	20.67441478	14.08210056	-4.75026616	-0.573071728	54	114	19.71325853	5.7	4.747368421	0.873986358	0.493551587	1.086606265	NA	1331.123684	-0.029808289	1.145960444	19	0.275308268
Mammal	4117	NA	NA	NA	NA	NA	NA	NA	NA	NA	NA	NA	NA	NA	NA	NA	NA	NA	NA	NA
Mammal	4143	NA	NA	NA	NA	NA	NA	NA	NA	NA	NA	NA	NA	NA	NA	NA	NA	NA	NA	NA
Mammal	4144	4	8.85	2.946772406	-0.315401115	9.999956252	0	8	1.098612289	2	0	0.824462068	0	1.142857143	NA	102.6245903	0.5372948	1.202578151	2	0.306040715
Mammal	4145	5	32.8586301	2.772158182	0.393070534	9.999957687	2	12	2.079441542	2.4	0.3	0.704149382	0	1.072510242	NA	512.1276821	1.084784403	1.578585611	1	0.265963844
Mammal	4146	168	46.05389671	29.25093811	-0.811062526	-0.619759964	892	1742	208.4034908	10.36904762	12.05460508	0.777897612	0.552950692	1.390767118	NA	28889.06176	-0.710806089	3.753344489	1	0.254853008
Mammal	4147	132	40.58536299	27.88917587	-1.0534355	-0.719320888	702	1340	165.0464901	10.15151515	11.21350914	0.789939873	0.577126318	1.379845549	NA	19922.26969	-0.171978701	2.399641424	1	0.217982625
Mammal	4148	119	40.00657609	25.30065269	-1.479454941	-0.686803883	564	1140	147.3283285	9.579831933	10.11009828	0.761904353	0.572326659	1.323431608	NA	17463.24144	-0.138917869	2.409733782	1	0.217889636
Mammal	4149	85	34.87801951	21.01215028	-1.574755504	-0.742214872	426	802	104.1266764	9.435294118	10.05826331	0.702357641	0.580339558	1.173377619	NA	10823.31235	0.656001168	2.207256815	2	0.185107533
Mammal	4150	73	33.73405082	18.50718836	-1.786276608	-0.890072738	353	669	91.29407727	9.164383562	7.750380518	0.632680235	0.615604431	1.029254767	NA	9189.400372	0.921947923	2.371571661	1	0.180224781
Mammal	4151	NA	NA	NA	NA	NA	NA	NA	NA	NA	NA	NA	NA	NA	NA	NA	NA	NA	NA	NA
Mammal	4152	NA	NA	NA	NA	NA	NA	NA	NA	NA	NA	NA	NA	NA	NA	NA	NA	NA	NA	NA
Mammal	4153	NA	NA	NA	NA	NA	NA	NA	NA	NA	NA	NA	NA	NA	NA	NA	NA	NA	NA	NA
Mammal	4154	37	16.85836896	13.40027635	-2.109070916	-0.831435191	98	242	42.80764234	6.540540541	5.1996997	0.76835443	0.637291667	1.208589023	NA	2145.835193	0.194381283	2.387779127	5	0.108988983
Mammal	420	49	18.29465813	22.38273523	-2.506866591	0.34957367	143	339	52.50991874	6.918367347	4.284863946	0.894771639	0.535901764	1.357926016	NA	3085.030999	-0.944805571	2.643855246	81	0.055221434
Mammal	421	43	17.64378959	20.75076783	-2.559113823	0.682128682	104	274	45.64298546	6.372093023	3.143964563	0.904324211	0.549672946	1.354137833	NA	2584.393271	-0.85413481	2.386392392	70	0.068774594
Mammal	422	31	16.68802149	15.98892306	-2.229018087	0.1049031	72	184	32.45816572	5.935483871	2.862365591	0.895632708	0.577319902	1.312808986	NA	1754.009496	-0.618177114	1.911687804	40	0.089969127
Mammal	423	26	16.17493347	13.78770112	-2.158279839	1.065075927	45	139	25.87891451	5.346153846	2.075384615	0.892417749	0.516292735	1.298294658	NA	1417.086094	-0.444181726	1.683187318	33	0.102699647
Mammal	4233	35	26.95006682	9.851521844	-0.525742008	-0.775474801	89	227	39.76707213	6.485714286	3.845378151	0.719710577	0.560030864	1.196170426	NA	3342.676321	0.584429828	2.566177147	1	0.151593513
Mammal	4278	36	13.27799741	13.32903732	-2.279242537	-0.295614261	94	234	38.23900689	6.5	4.771428571	0.77910092	0.452114571	1.222928753	NA	1646.70709	0.006127238	1.750522943	1	0.105519949
Mammal	4279	23	11.11358744	9.744335802	-1.620640706	-0.749699825	66	142	24.07905593	6.173913043	5.150197628	0.688060733	0.492424242	1.000399472	NA	883.5008821	0.93434096	1.329153122	5	0.084740196
Mammal	4280	20	9.049650451	9.685536884	-1.900313172	-0.727431174	48	114	20.29486629	5.7	3.694736842	0.729263528	0.461666667	1.027070294	NA	626.1431235	0.769653201	1.347974535	1	0.088441607
Mammal	4313	5	32.8586301	2.772158182	0.393070534	9.999957687	2	12	2.079441542	2.4	0.3	0.704149382	0	1.072510242	NA	512.1276821	1.084784403	1.578585611	1	0.216957818
Mammal	4314	5	8.85	3.946772406	-1.165301963	9.999957687	2	12	2.079441542	2.4	0.3	0.894677241	0	1.169623755	NA	132.5046582	0.110369597	0.895044611	3	0.19532054
Mammal	4315	7	32.8586301	3.106927212	0.583221637	9.999953846	5	21	3.871201011	3	0.666666667	0.605854334	0.25	0.926750605	NA	758.5088051	1.171101298	1.291957671	3	0.178512725
Mammal	4316	7	32.8586301	3.106927212	0.583221637	9.999953846	5	21	3.871201011	3	0.666666667	0.605854334	0.25	0.926750605	NA	758.5088051	1.171101298	1.291957671	3	0.127971309
Mammal	4317	44	26.51825722	17.83632126	-3.343217013	-0.389409871	164	326	48.00391685	7.409090909	6.479915433	0.727653904	0.555164	1.075992642	NA	4084.63499	0.332472249	2.047978853	8	0.115490667
Mammal	4318	36	19.81016608	17.85324927	-3.117007483	-0.34437551	124	252	38.02014046	7	5.542857143	0.815307439	0.540417226	1.165277885	NA	2458.659051	-0.301884324	1.812630524	4	0.098857867
Mammal	4319	32	17.54253499	16.92864405	-2.978663229	-0.163650919	93	207	32.67303293	6.46875	4.128024194	0.868418759	0.50909595	1.242423153	NA	1900.756491	-0.580997621	1.914204901	3	0.109815158
Mammal	4320	29	16.38953991	15.85465321	-2.68380572	0.309401378	66	170	28.54589855	5.862068966	2.837438424	0.901605967	0.485489709	1.295016474	NA	1580.164252	-0.654244234	1.953613797	38	0.120393579
Mammal	4321	21	15.75769257	12.09431923	-2.345925474	0.109101865	45	113	19.68426495	5.380952381	2.547619048	0.889315315	0.546031746	1.253766247	NA	1110.396351	-0.442110519	1.654259109	2	0.147146243
Mammal	4364	40	15.99869246	17.71243327	-3.646222316	-0.683991077	145	293	45.38047498	7.325	6.737820513	0.828428856	0.576688596	1.24388231	NA	2185.611219	-0.363150021	1.943232271	68	0.101063014
Mammal	4365	33	14.68163038	15.65406313	-3.308739701	-0.88225274	114	232	37.84571232	7.03030303	5.15530303	0.833859204	0.609803922	1.228390918	NA	1691.831746	-0.295713468	1.812894951	1	0.094499736
Mammal	4366	32	14.19941475	15.11775849	-3.386668208	-0.401438524	83	199	34.37997642	6.21875	4.111895161	0.851094496	0.585416667	1.266567545	NA	1537.913613	-0.372819835	1.860539058	54	0.100811396
Mammal	4367	20	13.54232407	9.761751835	-2.376969291	-1.012120692	59	119	21.40922694	5.95	4.365789474	0.757790915	0.624166667	1.081473842	NA	935.9152241	0.396011338	1.392898917	1	0.0922064
Mammal	4403	37	39.50499716	9.378723517	-0.009081967	-1.012329004	145	271	44.25022292	7.324324324	7.780780781	0.559919122	0.702580108	0.899247922	NA	5380.123106	1.649154723	1.680433153	3	0.17622844
Mammal	4404	35	26.70442045	11.57347085	-0.713610668	-0.904727363	112	232	40.66670398	6.628571429	6.475630252	0.752537605	0.690022404	1.211396437	NA	3279.439038	0.472265427	1.715966518	29	0.109510978
Mammal	4405	24	24.06440028	6.734107255	0.10718334	-0.971911379	78	150	26.46674768	6.25	6.891304348	0.591770467	0.679341029	0.954109198	NA	2051.536898	1.118742965	1.425295363	9	0.15375073
Mammal	4445	22	54.39445969	6.885959625	1.612241408	9.999920539	26	106	19.56600103	4.818181818	1.203463203	0.733586759	0.402045455	1.214491812	NA	4209.345152	0.588792037	2.20527402	1	0.118252283
Mammal	4466	136	69.37498074	22.73073015	-1.106311829	-0.31182809	700	1352	159.1765167	9.941176471	10.42614379	0.664893867	0.494652832	1.173132349	NA	35135.01618	0.636354361	2.209698233	92	0.311925146
Mammal	4467	140	69.37498074	23.08450112	-1.092386096	-0.221764342	713	1383	162.7311248	9.878571429	10.2225591	0.662964812	0.49627173	1.17123129	NA	36205.12454	0.660119908	2.199995822	92	0.29733982
Mammal	4468	124	67.31063335	19.44865595	-0.870884424	-0.062993894	577	1165	141.1978343	9.39516129	8.875098348	0.565382273	0.479371793	0.984746225	NA	31220.49268	1.314199404	2.539486122	49	0.310081381
Mammal	4469	NA	NA	NA	NA	NA	NA	NA	NA	NA	NA	NA	NA	NA	NA	NA	NA	NA	NA	NA
Mammal	4470	NA	NA	NA	NA	NA	NA	NA	NA	NA	NA	NA	NA	NA	NA	NA	NA	NA	NA	NA
Mammal	4471	NA	NA	NA	NA	NA	NA	NA	NA	NA	NA	NA	NA	NA	NA	NA	NA	NA	NA	NA
Mammal	4472	NA	NA	NA	NA	NA	NA	NA	NA	NA	NA	NA	NA	NA	NA	NA	NA	NA	NA	NA
Mammal	4473	NA	NA	NA	NA	NA	NA	NA	NA	NA	NA	NA	NA	NA	NA	NA	NA	NA	NA	NA
Mammal	4474	NA	NA	NA	NA	NA	NA	NA	NA	NA	NA	NA	NA	NA	NA	NA	NA	NA	NA	NA
Mammal	4475	NA	NA	NA	NA	NA	NA	NA	NA	NA	NA	NA	NA	NA	NA	NA	NA	NA	NA	NA
Mammal	4476	69	10.39189589	45.88199005	-9.487249481	-0.280960847	262	564	78.08941289	8.173913043	5.734015345	0.90428793	0.506717559	1.156930147	NA	2372.969817	-0.222505319	1.735789727	69	0.252996337
Mammal	4477	66	10.01552224	44.82851801	-9.29125512	0.052746872	198	490	73.176758	7.424242424	4.524941725	0.929179508	0.493991784	1.193112857	NA	2151.375824	-0.248797941	1.760493635	66	0.263512868
Mammal	4478	54	9.541573462	38.22222873	-8.551686466	-0.080919645	143	377	59.2832869	6.981481481	3.603424179	0.944559893	0.483312398	1.197905299	NA	1638.477076	-0.242162789	1.687060784	53	0.284870596
Mammal	4479	36	9.273278351	27.80021345	-7.434272627	-0.357148135	90	230	39.17717888	6.388888889	3.33015873	0.954601174	0.542760422	1.159587343	NA	1055.921811	-0.194274274	1.408855587	35	0.344118371
Mammal	4480	25	9.142971522	20.21370672	-6.638876631	-0.565222975	55	147	26.26999088	5.88	2.693333333	0.942594339	0.48041958	1.106752617	NA	719.5616804	-0.108042717	1.225281361	24	0.379751509
Mammal	4481	24	8.96420561	19.57692796	-6.529700527	4.699668196	32	122	23.09193705	5.083333333	1.731884058	0.956300393	0.437121212	1.128416952	NA	662.7152948	-0.114838092	1.235385973	23	0.386908572
Mammal	4544	NA	NA	NA	NA	NA	NA	NA	NA	NA	NA	NA	NA	NA	NA	NA	NA	NA	NA	NA
Mammal	4545	NA	NA	NA	NA	NA	NA	NA	NA	NA	NA	NA	NA	NA	NA	NA	NA	NA	NA	NA
Mammal	4572	5	11	3.549515442	-0.506559896	9.999957687	2	12	2.079441542	2.4	0.3	0.854951544	0	1.191693587	NA	169.0494372	0.356168035	1.318952288	2	0.060025808
Mammal	4573	20	11.0567837	10.30165083	-1.413208454	-0.215068767	46	110	18.68484032	5.5	3.526315789	0.873840053	0.475347222	1.290379011	NA	746.6093345	-0.346427813	1.554690196	29	0.089625294
Mammal	4596	NA	NA	NA	NA	NA	NA	NA	NA	NA	NA	NA	NA	NA	NA	NA	NA	NA	NA	NA
Mammal	4597	NA	NA	NA	NA	NA	NA	NA	NA	NA	NA	NA	NA	NA	NA	NA	NA	NA	NA	NA
Mammal	4598	3	5.444478414	2.486487683	-0.301230251	9.99992847	1	5	0.693147181	1.666666667	0.333333333	0.828829228	NA	1.097297537	NA	45.65340523	0.671437655	1.1250253	1	0.082217644
Mammal	4599	3	5.444478414	2.486487683	-0.301230251	9.99992847	1	5	0.693147181	1.666666667	0.333333333	0.828829228	NA	1.097297537	NA	45.65340523	0.671437655	1.1250253	1	0.090874613
Mammal	4624	NA	NA	NA	NA	NA	NA	NA	NA	NA	NA	NA	NA	NA	NA	NA	NA	NA	NA	NA
Mammal	4625	NA	NA	NA	NA	NA	NA	NA	NA	NA	NA	NA	NA	NA	NA	NA	NA	NA	NA	NA
Mammal	4694	NA	NA	NA	NA	NA	NA	NA	NA	NA	NA	NA	NA	NA	NA	NA	NA	NA	NA	NA
Mammal	4695	NA	NA	NA	NA	NA	NA	NA	NA	NA	NA	NA	NA	NA	NA	NA	NA	NA	NA	NA
Mammal	4696	79	21.43201308	29.74578323	-3.298217965	-0.143146246	246	610	90.28092403	7.721518987	6.280428432	0.858516318	0.518011568	1.357086107	NA	5909.643725	-0.450410382	2.103307343	31	0.091764247
Mammal	4697	47	19.76686115	18.25436518	-2.455516593	-0.758276126	179	355	55.04781267	7.553191489	7.991674376	0.751758629	0.60735363	1.140555937	NA	3281.832085	0.424241723	1.835343556	7	0.095417505
Mammal	4698	40	16.59765656	16.01346323	-2.270559252	-0.914057194	141	287	47.34797026	7.175	6.660897436	0.78753651	0.637093039	1.205177138	NA	2318.268229	-0.014812524	1.87324128	56	0.09751174
Mammal	4699	26	13.83286943	12.58693305	-3.096705058	-1.1537315	96	178	30.40949584	6.846153846	6.695384615	0.717344486	0.665250134	0.990255016	NA	1222.626886	0.420071769	1.513944405	4	0.13743839
Mammal	4700	23	11.8837594	12.15276664	-2.882677126	-1.214728264	75	147	26.49747284	6.391304348	4.885375494	0.747866691	0.653914141	1.010762542	NA	935.3328026	0.001911944	1.531466101	1	0.137983917
Mammal	4701	22	9.874966198	13.21807078	-3.0306135	-0.839977134	54	124	23.40643038	5.636363636	3.670995671	0.871102396	0.622451791	1.187377755	NA	719.9327438	-0.304473434	1.5928629	3	0.174930577
Mammal	4743	32	20.07053203	13.63461018	-1.903873239	5.488472433	52	176	30.87640253	5.5	1.35483871	0.843021813	0.40327381	1.298768819	NA	2188.649622	-0.541975387	2.165387368	48	0.070627629
Mammal	4744	21	17.71081479	10.07037602	-1.751216088	9.999949318	25	99	17.86743184	4.714285714	0.914285714	0.815716151	0.321428571	1.206643098	NA	1237.505742	-0.047513178	1.468266126	13	0.085360222
Mammal	477	48	20.6	14.58760253	0.507281187	-0.921104962	259	437	58.20609166	9.104166667	13.37189716	0.651905899	0.534421706	1.02539507	NA	3632.715241	1.132133288	1.826524029	9	0.129104335
Mammal	4774	33	25.18728556	13.38844829	-1.842042387	-0.342551368	102	218	34.94930292	6.606060606	4.808712121	0.775981944	0.567101301	1.182745262	NA	2890.300057	-0.241531933	1.793164605	1	0.079545865
Mammal	4775	29	23.08508869	12.8689249	-2.176137571	-0.133144103	74	176	29.69180755	6.068965517	3.566502463	0.785974853	0.537401487	1.168200927	NA	2278.966703	-0.306479436	1.738397955	1	0.085424484
Mammal	4776	5	17.3	3.493900788	-0.213938798	-1.99992847	6	14	3.17805383	2.8	1.7	0.791525772	0.875	1.066195941	NA	268.2555164	0.897056211	1.201557069	2	0.110972477
Mammal	4777	5	17.3	3.493900788	-0.213938798	-1.99992847	6	14	3.17805383	2.8	1.7	0.791525772	0.875	1.066195941	NA	268.2555164	0.897056211	1.201557069	2	0.119647938
Mammal	478	46	20.6	13.19914361	0.536612864	-0.830651639	215	387	54.35594406	8.413043478	11.62560386	0.621218739	0.516935945	0.982019523	NA	3496.354831	1.22350935	1.795274642	7	0.145473118
Mammal	479	41	16.25976163	13.30203266	-0.022378206	-0.852564097	176	328	48.06437492	8	9.75	0.668235186	0.504456574	1.041622266	NA	2404.084101	1.134881722	1.952879523	6	0.111814879
Mammal	480	NA	NA	NA	NA	NA	NA	NA	NA	NA	NA	NA	NA	NA	NA	NA	NA	NA	NA	NA
Mammal	4806	NA	NA	NA	NA	NA	NA	NA	NA	NA	NA	NA	NA	NA	NA	NA	NA	NA	NA	NA
Mammal	4807	10	20.42489385	4.175435571	0.329993169	0.012922052	15	39	7.544332108	3.9	2.1	0.640349998	0.60625	0.976709285	NA	696.0058679	1.12215919	1.456166497	3	0.077296571
Mammal	481	29	12.6	9.217383912	-0.204838131	-1.079862214	116	218	34.16452322	7.517241379	5.330049261	0.563622424	0.52209707	0.848394341	NA	1332.860963	2.622095993	2.654909204	3	0.132190454
Mammal	482	28	12.6	8.217383912	-0.413870017	-0.810355543	89	189	30.8323187	6.75	3.898148148	0.53129816	0.487961146	0.809745546	NA	1295.060963	2.880380717	2.464139192	2	0.15220976
Mammal	483	27	12.6	7.217383912	-0.785220752	-0.191112491	63	161	27.53648184	5.962962963	2.729344729	0.495244172	0.451320795	0.765534763	NA	1256.140314	3.029645489	2.364179048	1	0.17448365
Mammal	484	26	7.514666245	9.748098072	-2.140694719	6.857818391	38	134	24.2783853	5.153846154	1.815384615	0.762679606	0.405597527	1.19848304	NA	665.7785795	-0.227930681	2.381791701	1	0.113600958
Mammal	4841	24	47.37439538	7.348179543	-0.514265458	0.653557053	41	127	23.36387077	5.291666667	2.476449275	0.659033745	0.399212908	1.064231166	NA	3990.047299	0.828653584	1.637166582	1	0.134928544
Mammal	4864	39	56.86020893	13.88164215	-1.735410705	-0.829520102	152	292	45.1033859	7.487179487	7.887989204	0.631267802	0.6000888	0.935539112	NA	7884.411382	1.108648264	1.395936666	6	0.099709736
Mammal	4865	35	41.97894781	15.91950736	-2.325225277	-0.881695007	121	245	40.36718745	7	6.176470588	0.739589461	0.619396393	1.055447706	NA	5136.216167	0.82009295	1.625073275	12	0.08604912
Mammal	4866	26	36.21058996	10.57934826	-2.366194399	-0.831766631	84	172	28.18213417	6.615384615	5.446153846	0.62620984	0.539887036	0.886289785	NA	3294.154639	1.044688374	1.468644213	3	0.125190434
Mammal	4867	24	24.75887626	13.17258644	-2.898709664	-0.662471227	62	144	24.96325834	6	3.913043478	0.822735533	0.511426768	1.139977713	NA	2000.000089	-0.15147921	1.512011992	2	0.135704031
Mammal	4868	22	22.55217151	12.65835222	-2.708931195	-0.285998229	42	118	21.82776413	5.363636364	2.623376623	0.867451223	0.478719008	1.207178695	NA	1611.007538	-0.254224036	1.52131515	25	0.152520479
Mammal	4903	117	101.1628371	22.32754257	0.152349948	0.084446687	483	1047	130.0828175	8.948717949	7.721485411	0.766830936	0.441175016	1.355596895	NA	43878.40106	-0.148053984	2.590170763	1	0.23806803
Mammal	4904	86	83.05936807	19.75914055	-0.823020826	-0.083316355	365	751	94.70478471	8.73255814	7.280574555	0.770371732	0.416780897	1.32776727	NA	26220.84501	0.242530026	2.519477927	164	0.200977532
Mammal	4905	72	76.77226733	16.38888336	-1.010302459	-0.239135745	295	609	79.6671	8.458333333	5.322183099	0.743029682	0.441255548	1.278190853	NA	20770.09195	0.065851655	2.568234581	2	0.202990382
Mammal	4906	71	74.67706882	15.79258918	-1.462604789	0.302524984	225	537	75.40442012	7.563380282	4.592354125	0.756328704	0.423093696	1.31056403	NA	19337.33318	-0.072428191	2.620982927	1	0.208450986
Mammal	4907	53	69.15858707	12.72420239	-1.279181727	0.269923362	152	374	55.49968185	7.056603774	4.054426705	0.684819012	0.415699557	1.155069475	NA	13160.74701	0.380730062	2.175792624	1	0.19059397
Mammal	4908	34	49.79677643	9.872309063	-0.799993693	-0.122092024	101	225	34.89788249	6.617647059	4.364527629	0.581969251	0.439534678	0.908440064	NA	6119.778538	1.255107308	1.588026629	4	0.147781329
Mammal	4909	31	38.0224586	10.4777016	-1.237010649	0.382407404	72	186	30.70822775	6	3.066666667	0.654543343	0.408016983	1.009444665	NA	4133.110423	1.041351968	2.239547295	13	0.114214919
Mammal	4910	23	26.02700463	8.801462321	-1.464252948	-0.170380527	52	130	22.5885315	5.652173913	2.328063241	0.585936796	0.451255411	0.835423039	NA	2136.17199	1.286851069	1.919864741	1	0.097297465
Mammal	4911	22	15.87064901	12.15402976	-2.209365458	8.808770993	31	107	19.49748904	4.863636364	1.361471861	0.896234012	0.39028379	1.290656859	NA	1177.961895	-0.49422236	1.825321929	25	0.123746845
Mammal	4989	31	69.45275902	8.174222082	1.295773433	0.893354137	63	179	30.62444263	5.774193548	2.580645161	0.70757272	0.499179894	1.19528347	NA	7742.370861	0.64596799	2.266693926	15	0.165223064
Mammal	4990	21	43.35075511	6.660932479	0.571112901	0.09093882	42	112	19.83306382	5.333333333	2.433333333	0.705057696	0.498888889	1.154558251	NA	3255.014065	0.951913928	3.812751893	4	0.119982475
Mammal	5	NA	NA	NA	NA	NA	NA	NA	NA	NA	NA	NA	NA	NA	NA	NA	NA	NA	NA	NA
Mammal	5019	103	83.99974989	14.86410193	1.374882634	-0.981018809	775	1239	135.0610836	12.02912621	14.55796688	0.465042851	0.630969938	0.7980371	NA	33271.16281	1.403201091	2.132252916	1	0.280092409
Mammal	5020	102	74.18867767	15.56531345	0.570200817	-0.889901624	674	1136	130.4361108	11.1372549	13.48592506	0.514548274	0.624136048	0.889244567	NA	28929.36039	1.255422213	2.137870239	2	0.277162015
Mammal	5021	100	61.36966277	17.08260967	-0.264128648	-0.81917622	576	1032	125.8209903	10.32	12.0379798	0.598378629	0.617602914	1.039504176	NA	23282.44949	1.116410643	2.145760735	52	0.257470462
Mammal	5022	100	61.36966277	17.08260967	-0.264128648	-0.81917622	576	1032	125.8209903	10.32	12.0379798	0.598378629	0.617602914	1.039504176	NA	23282.44949	1.116410643	2.145760735	52	0.257002407
Mammal	5023	NA	NA	NA	NA	NA	NA	NA	NA	NA	NA	NA	NA	NA	NA	NA	NA	NA	NA	NA
Mammal	5024	118	47.43363477	27.92862738	-1.628248035	-0.685838886	664	1214	145.7646461	10.28813559	12.95900333	0.692917709	0.550176536	1.160593981	NA	20408.78257	0.61740637	1.95852808	97	0.205443272
Mammal	5025	96	44.68109567	20.27684346	-2.045556964	-0.820299831	543	961	120.8030048	10.01041667	12.0314693	0.58168941	0.619712214	0.96549329	NA	15951.2129	1.101140388	1.795229571	6	0.22363258
Mammal	5026	74	33.73587379	16.99051848	-2.819134782	-0.875541892	433	741	92.43153445	10.01351351	10.04091077	0.437080246	0.585010649	0.65956884	NA	9375.978422	1.958173309	2.636971678	1	0.20441238
Mammal	5027	73	25.18567893	21.07959527	-3.646683174	-0.699353074	361	667	88.141075	9.136986301	9.03652968	0.564517942	0.574159951	0.856015737	NA	6663.590972	1.725175581	2.590092541	14	0.16137434
Mammal	5028	NA	NA	NA	NA	NA	NA	NA	NA	NA	NA	NA	NA	NA	NA	NA	NA	NA	NA	NA
Mammal	5029	NA	NA	NA	NA	NA	NA	NA	NA	NA	NA	NA	NA	NA	NA	NA	NA	NA	NA	NA
Mammal	5030	NA	NA	NA	NA	NA	NA	NA	NA	NA	NA	NA	NA	NA	NA	NA	NA	NA	NA	NA
Mammal	5031	NA	NA	NA	NA	NA	NA	NA	NA	NA	NA	NA	NA	NA	NA	NA	NA	NA	NA	NA
Mammal	5032	NA	NA	NA	NA	NA	NA	NA	NA	NA	NA	NA	NA	NA	NA	NA	NA	NA	NA	NA
Mammal	5033	22	9.883963496	13.63003855	-3.666817356	-0.346080163	48	120	22.11592709	5.454545455	3.688311688	0.893518993	0.495367965	1.213179849	NA	713.194903	-0.261426707	1.47785511	24	0.19103151
Mammal	5099	NA	NA	NA	NA	NA	NA	NA	NA	NA	NA	NA	NA	NA	NA	NA	NA	NA	NA	NA
Mammal	5100	5	21.2356956	3.412469106	-0.451611878	9.999957687	2	12	2.079441542	2.4	0.3	0.821912975	0	1.156342972	NA	317.9278091	0.319788042	1.2550449	2	0.098954136
Mammal	5101	4	19.29944199	3.311976453	-1.089206012	-1.99992847	3	9	1.791759469	2.25	0.916666667	0.86659448	0.75	1.100034449	NA	223.3728933	0.316737831	0.830085244	2	0.073222022
Mammal	5131	32	41.31312148	11.80580221	-1.509052802	-0.579487089	102	222	34.27567122	6.9375	4.705645161	0.718638583	0.460384615	1.1059839	NA	4710.958794	0.643679698	1.946332762	3	0.096168783
Mammal	5132	30	40.52511068	10.52332276	-1.508104099	-0.252124606	74	188	30.84168402	6.266666667	3.236781609	0.693645867	0.428685897	1.076848773	NA	4391.749721	0.392498934	1.987234722	1	0.108969264
Mammal	5133	29	34.7892101	10.92861284	-1.919291778	2.197645098	46	158	27.47438819	5.448275862	2.327586207	0.782520995	0.387302761	1.231684615	NA	3462.73985	-0.181734072	2.028254833	1	0.102230369
Mammal	5165	97	60.38865422	15.36781894	-1.216570382	-0.793674355	498	946	121.1348986	9.75257732	9.667310997	0.577627648	0.605863229	1.010800829	NA	22344.62327	1.132179509	2.158179029	49	0.27128281
Mammal	5166	95	59.79139012	14.35599675	-1.885542222	-0.686234941	405	847	116.5705505	8.915789474	8.567301232	0.565342924	0.598406025	0.993831468	NA	21303.51451	1.117553352	2.59417187	1	0.278614149
Mammal	5167	73	36.18166182	17.15280254	-3.675206528	-0.934167157	311	633	92.18664465	8.671232877	7.945966514	0.542903681	0.655859969	0.867404005	NA	9851.278278	2.118884694	2.106849385	3	0.204544871
Mammal	5168	71	24.10204827	23.39790281	-4.52703866	-0.829962185	242	558	87.90997853	7.85915493	6.865593561	0.775976251	0.647768467	1.240719926	NA	5967.680915	0.1819405	2.107868586	6	0.141317745
Mammal	5169	42	16.51130789	15.78361424	-4.031165894	-0.630460125	120	284	48.15198166	6.761904762	6.088269454	0.757667417	0.629876689	1.168671634	NA	2360.731014	-0.043818868	1.999420244	1	0.141835899
Mammal	5170	24	9.033636124	14.52382636	-3.332897704	-1.184436031	85	157	27.82253952	6.541666667	8.259057971	0.861090301	0.688869464	1.158319814	NA	714.2445306	-0.123633957	1.282515982	5	0.179767101
Mammal	5171	20	8.720729406	11.87620878	-2.738566671	-1.411478308	69	125	23.58843301	6.25	6.828947368	0.83411454	0.750757576	1.123894399	NA	584.3288693	-0.052953594	1.220109268	1	0.167105971
Mammal	5210	29	20.8851161	14.00622312	-3.763865515	-1.280193324	109	203	35.50950163	7	8.214285714	0.748704129	0.701825778	1.051021348	NA	2027.850507	-0.023077439	1.513626603	1	0.141728816
Mammal	5211	24	15.3676022	15.85035058	-4.224985471	-1.347402303	84	160	28.99924329	6.666666667	7.014492754	0.89021485	0.675915751	1.158906162	NA	1214.676144	-0.240954234	1.403827164	23	0.231634514
Mammal	5212	23	14.97901142	15.20966124	-4.114361533	-1.131043262	62	136	25.86374908	5.913043478	5.81027668	0.903069731	0.652380952	1.18602901	NA	1108.344035	-0.268227657	1.434221857	22	0.232984588
Mammal	5239	22	28.52798953	6.410370149	0.463077741	0.467941603	43	119	19.84061102	5.409090909	2.538961039	0.497968361	0.349158249	0.755469817	NA	2289.973752	2.860356578	1.830091177	2	0.145338357
Mammal	5240	20	15.33987964	7.495709324	-1.364327504	4.53725302	25	95	16.79608858	4.75	1.460526316	0.725422279	0.285416667	1.137400124	NA	1043.306221	0.452123792	1.938367151	1	0.105872844
Mammal	5266	90	42.68483312	32.11404895	-2.183134054	-0.281839602	285	741	104.3936397	8.233333333	3.619101124	0.866127533	0.468232913	1.390383362	NA	13542.65518	-0.995865452	3.613037874	1	0.081383016
Mammal	5267	73	41.00536151	29.01248947	-2.632547447	-0.100873378	182	554	82.31568416	7.589041096	3.023211568	0.864368076	0.451491337	1.348912928	NA	10445.3469	-0.726672845	2.742714255	3	0.066664135
Mammal	5268	NA	NA	NA	NA	NA	NA	NA	NA	NA	NA	NA	NA	NA	NA	NA	NA	NA	NA	NA
Mammal	5269	NA	NA	NA	NA	NA	NA	NA	NA	NA	NA	NA	NA	NA	NA	NA	NA	NA	NA	NA
Mammal	5270	NA	NA	NA	NA	NA	NA	NA	NA	NA	NA	NA	NA	NA	NA	NA	NA	NA	NA	NA
Mammal	5309	36	38.87170757	13.64169572	-1.879047345	-0.72910601	105	249	40.66534436	6.916666667	3.507142857	0.688548728	0.523517126	1.030214686	NA	5023.888576	0.146041707	2.194076772	1	0.092792839
Mammal	5310	35	31.19962402	15.50442453	-2.21155089	-0.034710804	71	213	37.1099963	6.085714286	2.551260504	0.835039208	0.498589065	1.261499111	NA	3706.146627	-0.478561654	2.264133341	2	0.080115275
Mammal	532	138	33.15640409	31.78515286	-3.478924945	-0.674607068	717	1455	171.4739778	10.54347826	8.23532212	0.661175681	0.530495689	1.101633644	NA	16838.01514	0.462226208	2.860061661	2	0.199895429
Mammal	533	104	27.43281794	31.67268724	-5.105147249	-0.777613322	552	1092	129.9426135	10.5	6.058252427	0.573279283	0.529147541	0.852865802	NA	10512.61845	0.26549575	2.81281202	2	0.150184415
Mammal	534	103	23.59579793	35.49789785	-5.470840234	-0.615917943	450	988	125.3078845	9.59223301	5.224252808	0.656775153	0.520444954	0.980093357	NA	8857.404282	-0.409065663	2.828768387	1	0.127376097
Mammal	535	102	17.7677263	45.48569365	-5.82320669	-0.364329719	349	885	120.6829117	8.676470588	4.537856727	0.863181026	0.511222742	1.29224417	NA	6416.450468	-0.775949711	2.872018516	2	0.101766581
Mammal	536	100	16.13396317	47.88589995	-5.909373409	-0.021801339	251	781	116.0677912	7.81	3.711010101	0.944490309	0.50221942	1.42249816	NA	5546.35547	-0.846802364	2.955206624	161	0.097013187
Mammal	537	4	7.609272889	2.565057887	0.414547953	9.999956252	0	8	1.098612289	2	0	0.760842981	0	1.142857143	NA	90.96898789	1.212121374	2.025230077	1	0.107740993
Mammal	538	3	4.03	3	-1.732050808	9.99992847	1	5	0.693147181	1.666666667	0.333333333	1	NA	1.2	NA	32.24	-0.314269681	0.78339732	2	0.081247217
Mammal	539	3	4.03	3	-1.732050808	9.99992847	1	5	0.693147181	1.666666667	0.333333333	1	NA	1.2	NA	32.24	-0.314269681	0.78339732	2	0.083966456
Mammal	540	3	4.03	3	-1.732050808	9.99992847	1	5	0.693147181	1.666666667	0.333333333	1	NA	1.2	NA	32.24	-0.314269681	0.78339732	2	0.091614222
Mammal	541	3	4.03	3	-1.732050808	9.99992847	1	5	0.693147181	1.666666667	0.333333333	1	NA	1.2	NA	32.24	-0.314269681	0.78339732	2	0.104735039
Mammal	569	4	7.609272889	2.565057887	0.414547953	9.999956252	0	8	1.098612289	2	0	0.760842981	0	1.142857143	NA	90.96898789	1.212121374	2.025230077	1	0.200604723
Mammal	570	4	7.609272889	2.565057887	0.414547953	9.999956252	0	8	1.098612289	2	0	0.760842981	0	1.142857143	NA	90.96898789	1.212121374	2.025230077	1	0.234556339
Mammal	590	46	15.99067785	21.6347932	-3.430087505	0.940287263	85	287	49.53777477	6.239130435	2.319323671	0.900976559	0.5161014	1.35816482	NA	2490.897368	-0.716182612	2.512299425	54	0.086906199
Mammal	591	24	15.0545901	13.3046936	-3.013425469	0.398016928	43	127	23.80058842	5.291666667	2.389492754	0.878392556	0.53902417	1.247794145	NA	1174.828168	-0.383548415	1.79860338	26	0.127757834
Mammal	6	NA	NA	NA	NA	NA	NA	NA	NA	NA	NA	NA	NA	NA	NA	NA	NA	NA	NA	NA
Mammal	614	22	15.11507281	9.51676572	-1.532442259	0.162893475	40	114	21.93052386	5.181818182	2.346320346	0.807261937	0.535757576	1.237079034	NA	1118.814692	-0.164264748	1.719651997	1	0.083779289
Mammal	636	34	30.28282616	5.825517881	0.732676331	-0.448076315	95	225	36.61138338	6.617647059	3.576648841	0.338906185	0.536650327	0.539518653	NA	3910.102709	5.405139016	2.315620493	1	0.257630346
Mammal	637	33	12.70590026	10.11761391	-1.812797205	0.866718242	63	191	33.11487581	5.787878788	2.672348485	0.709261058	0.505654762	1.151036631	NA	1463.055601	0.188821695	2.41603722	1	0.138628059
Mammal	677	NA	NA	NA	NA	NA	NA	NA	NA	NA	NA	NA	NA	NA	NA	NA	NA	NA	NA	NA
Mammal	678	NA	NA	NA	NA	NA	NA	NA	NA	NA	NA	NA	NA	NA	NA	NA	NA	NA	NA	NA
Mammal	679	NA	NA	NA	NA	NA	NA	NA	NA	NA	NA	NA	NA	NA	NA	NA	NA	NA	NA	NA
Mammal	680	NA	NA	NA	NA	NA	NA	NA	NA	NA	NA	NA	NA	NA	NA	NA	NA	NA	NA	NA
Mammal	681	NA	NA	NA	NA	NA	NA	NA	NA	NA	NA	NA	NA	NA	NA	NA	NA	NA	NA	NA
Mammal	682	NA	NA	NA	NA	NA	NA	NA	NA	NA	NA	NA	NA	NA	NA	NA	NA	NA	NA	NA
Mammal	7	NA	NA	NA	NA	NA	NA	NA	NA	NA	NA	NA	NA	NA	NA	NA	NA	NA	NA	NA
Mammal	730	7	13.00185105	4.09706011	-0.469712846	9.999953846	5	21	3.871201011	3	0.666666667	0.781328814	0.25	1.126979476	NA	287.387163	0.568713703	1.4206234	3	0.285552669
Mammal	731	4	25.72100969	2.51410121	0.689012588	-1.99992847	3	9	1.791759469	2.25	0.916666667	0.649316191	0.75	0.907350832	NA	318.6647563	1.379350144	1.107744596	1	0.230998236
Mammal	732	NA	NA	NA	NA	NA	NA	NA	NA	NA	NA	NA	NA	NA	NA	NA	NA	NA	NA	NA
Mammal	733	NA	NA	NA	NA	NA	NA	NA	NA	NA	NA	NA	NA	NA	NA	NA	NA	NA	NA	NA
Mammal	734	332	17.48344792	87.33158901	-6.962788648	-0.574376675	2369	4161	414.367347	12.53313253	17.81460889	0.763745591	0.578179233	1.268581186	NA	21307.93082	0.210762041	3.556808378	30	0.174828261
Mammal	735	266	13.21001555	87.35177074	-6.58562597	-0.60875678	1904	3270	332.9992958	12.29323308	17.21935026	0.860142985	0.604600294	1.397056277	NA	12704.3704	-0.815678292	3.679671803	13	0.124743349
Mammal	736	253	12.65012507	86.55352768	-6.257979582	-0.549639106	1625	2933	313.7602882	11.59288538	15.98836188	0.884445741	0.598414959	1.432223837	NA	11538.73757	-0.823690502	3.589019405	496	0.112147656
Mammal	737	3	4.556598964	2.55320625	-0.519662305	9.99992847	1	5	0.693147181	1.666666667	0.333333333	0.85106875	NA	1.11064125	NA	37.89153692	0.505070868	0.981243166	1	0.110508519
Mammal	738	181	11.65660003	62.1284141	-5.743269149	-0.636235594	1078	1964	224.9829905	10.85082873	14.36095764	0.877342168	0.605095722	1.419001931	NA	7534.976725	-0.899857688	3.519204245	1	0.113687531
Mammal	739	6	10.2	3.423289057	-0.415970134	9.999926989	2	16	2.995732274	2.666666667	0.266666667	0.756252936	0	1.121288793	NA	189.2564361	0.911840436	1.527551069	1	0.110360534
Mammal	740	6	10.2	3.423289057	-0.415970134	9.999926989	2	16	2.995732274	2.666666667	0.266666667	0.756252936	0	1.121288793	NA	189.2564361	0.911840436	1.527551069	1	0.102174872
Mammal	741	6	10.2	3.423289057	-0.415970134	9.999926989	2	16	2.995732274	2.666666667	0.266666667	0.756252936	0	1.121288793	NA	189.2564361	0.911840436	1.527551069	1	0.096456356
Mammal	742	6	10.2	3.423289057	-0.415970134	9.999926989	2	16	2.995732274	2.666666667	0.266666667	0.756252936	0	1.121288793	NA	189.2564361	0.911840436	1.527551069	1	0.093849035
Mammal	743	3	4.556598964	2.55320625	-0.519662305	9.99992847	1	5	0.693147181	1.666666667	0.333333333	0.85106875	NA	1.11064125	NA	37.89153692	0.505070868	0.981243166	1	0.09453566
Mammal	744	NA	NA	NA	NA	NA	NA	NA	NA	NA	NA	NA	NA	NA	NA	NA	NA	NA	NA	NA
Mammal	745	3	4.556598964	2.55320625	-0.519662305	9.99992847	1	5	0.693147181	1.666666667	0.333333333	0.85106875	NA	1.11064125	NA	37.89153692	0.505070868	0.981243166	1	0.113682981
Mammal	746	3	4.556598964	2.55320625	-0.519662305	9.99992847	1	5	0.693147181	1.666666667	0.333333333	0.85106875	NA	1.11064125	NA	37.89153692	0.505070868	0.981243166	1	0.116569078
Mammal	747	3	4.556598964	2.55320625	-0.519662305	9.99992847	1	5	0.693147181	1.666666667	0.333333333	0.85106875	NA	1.11064125	NA	37.89153692	0.505070868	0.981243166	1	0.12375941
Mammal	748	28	6.446270297	15.76068392	-3.171067015	0.933819671	49	155	27.1260815	5.535714286	1.961640212	0.910130454	0.440487637	1.29672471	NA	606.8428193	-0.610167137	1.910496602	44	0.134375576
Mammal	77	36	12.71743203	15.11091195	-3.311399993	-0.937959585	161	281	42.36962145	7.805555556	8.961111111	0.678896242	0.680917669	0.968068974	NA	1596.887128	0.859555658	1.392115933	3	0.118886521
Mammal	78	33	11.0692558	15.14173888	-3.298047836	-0.909787551	130	240	38.1211262	7.272727273	7.079545455	0.712420537	0.669859828	0.998033454	NA	1271.783138	0.831048527	1.390018207	4	0.115476671
Mammal	79	29	9.643223423	13.66521332	-3.299938909	-0.918342807	102	198	32.86363083	6.827586207	5.362068966	0.722318096	0.654839803	1.009716043	NA	966.5086952	0.701567971	1.406009325	5	0.128309109
Mammal	798	3	4.832551812	2.539602819	-0.476057072	9.99992847	1	5	0.693147181	1.666666667	0.333333333	0.846534273	NA	1.107920564	NA	40.25300911	0.541035438	1.006316599	1	0.072674511
Mammal	799	29	10.2	12.09931336	-1.719024437	-1.002421549	106	200	33.35710682	6.896551724	9.95320197	0.726671678	0.619078144	1.075482103	NA	1035.239772	0.163680442	1.607566156	3	0.075907322
Mammal	8	4	13.00185105	2.771235321	0.05114824	9.999956252	0	8	1.098612289	2	0	0.795205887	0	1.142857143	NA	152.7014458	0.763605875	1.476052253	2	0.325666864
Mammal	80	26	9.538743794	11.92385375	-3.504887083	-0.903838902	78	164	28.83827914	6.307692308	3.661538462	0.664596167	0.640123338	0.909733051	NA	867.3465343	0.555265018	1.430594957	1	0.147073219
Mammal	800	27	8.039327347	13.63232535	-2.085831107	-0.90508715	81	169	30.02490231	6.259259259	8.737891738	0.870732072	0.597363946	1.279296147	NA	727.0240837	-0.358321162	1.666232551	20	0.081522915
Mammal	81	25	7.09762033	14.33701917	-3.989118645	-0.068908569	54	138	25.61940332	5.52	2.593333333	0.855610944	0.613338745	1.179094649	NA	579.440503	-0.149744818	1.457931028	26	0.162187025
Mammal	830	21	9.31992586	8.708957995	-1.818904585	-0.0426697	51	117	19.44821799	5.571428571	3.357142857	0.655142244	0.485069444	0.947393578	NA	682.9661869	0.993530509	1.385424916	2	0.105035199
Mammal	855	44	8.479526493	18.71927785	-3.08638122	-0.377426035	142	312	48.12040678	7.090909091	6.642706131	0.812874856	0.558940068	1.227623753	NA	1278.331992	0.126747507	1.650566148	19	0.090326991
Mammal	856	29	7.779246389	11.58300719	-2.267550382	-0.698012456	110	202	31.11554643	6.965517241	7.10591133	0.677181772	0.637460296	0.993528809	NA	795.8826225	0.894193136	1.432863234	4	0.100730657
Mammal	857	27	7.200000001	10.7867469	-2.352113377	-0.475897504	85	171	27.78334192	6.333333333	5.615384615	0.678470254	0.613658911	0.999027678	NA	683.1851627	0.689137358	1.504554984	2	0.109900813
Mammal	858	25	5.557404931	11.89242235	-2.64460172	0.009268061	62	142	24.52524538	5.68	4.393333333	0.810869501	0.586112751	1.191722521	NA	468.2283225	0.052477008	1.495293771	9	0.097225215
Mammal	898	3	8.028573108	2.08230625	1.32127951	9.99992847	1	5	0.693147181	1.666666667	0.333333333	0.694102083	NA	1.01646125	NA	71.33545245	0.886185636	0.878519624	1	0.058764333
Mammal	9	NA	NA	NA	NA	NA	NA	NA	NA	NA	NA	NA	NA	NA	NA	NA	NA	NA	NA	NA
Mammal	918	NA	NA	NA	NA	NA	NA	NA	NA	NA	NA	NA	NA	NA	NA	NA	NA	NA	NA	NA
Mammal	919	NA	NA	NA	NA	NA	NA	NA	NA	NA	NA	NA	NA	NA	NA	NA	NA	NA	NA	NA
Mammal	920	NA	NA	NA	NA	NA	NA	NA	NA	NA	NA	NA	NA	NA	NA	NA	NA	NA	NA	NA
Mammal	921	NA	NA	NA	NA	NA	NA	NA	NA	NA	NA	NA	NA	NA	NA	NA	NA	NA	NA	NA
