Sp37	Sp49	Sp60	Sp62	Sp64	Sp66	Sp68	Sp82	Sp90	Sp93	Sp94	Sp95	Sp96	Sp97	Sp98	Sp99	Sp100	Sp101	Sp102	Sp103	Sp104	Sp105	Sp106	Sp107	Sp109
1	1	1	1	1	1	1	1	1	1	1	1	1	1	1	1	1	1	1	1	0	0	0	0	0
1	1	1	1	1	1	1	1	1	1	1	1	1	1	1	1	1	0	1	0	0	0	0	0	0
1	1	1	1	1	1	1	1	1	1	1	1	1	1	1	1	1	1	1	1	0	0	0	0	0
1	1	1	1	1	1	1	1	1	1	1	1	1	1	1	1	1	1	1	1	0	0	0	0	0
1	1	1	1	1	1	1	1	1	1	1	1	1	1	1	1	1	1	1	1	0	0	0	0	0
1	1	1	1	1	1	1	1	1	1	1	1	1	1	1	1	1	1	1	1	0	0	0	0	0
1	1	1	1	1	1	1	1	1	1	1	1	1	1	1	1	1	1	1	1	0	0	0	0	0
1	1	1	1	1	1	1	1	1	1	1	1	1	1	1	1	1	1	1	1	0	0	0	0	0
1	1	1	1	1	1	1	1	1	1	1	1	1	1	1	1	1	1	1	1	0	0	0	0	0
1	1	1	1	1	1	1	1	1	1	1	1	1	1	1	1	1	1	1	1	0	0	0	0	0
1	1	1	1	1	1	1	1	1	1	1	1	1	1	1	1	1	1	1	1	0	0	0	0	0
1	1	1	1	1	1	1	1	1	1	1	1	1	1	1	1	1	1	1	1	0	0	0	0	0
1	1	1	1	1	1	1	1	1	1	1	1	1	1	1	1	1	1	1	1	0	0	0	0	0
1	1	1	1	1	1	1	1	1	1	1	1	1	1	1	1	1	1	1	1	0	0	0	0	0
1	1	1	1	1	1	1	1	1	1	1	1	1	1	1	1	1	1	1	1	0	0	0	0	0
1	1	1	1	1	1	1	1	1	1	1	1	1	1	1	1	1	1	1	1	0	0	0	0	0
1	1	1	1	1	1	1	1	1	1	1	1	1	1	1	1	1	1	1	1	0	0	0	0	0
1	1	1	1	1	1	1	1	1	1	1	1	1	1	1	1	1	1	1	1	0	0	0	0	0
1	1	1	1	1	1	1	1	1	1	1	1	1	1	1	1	1	1	1	1	0	0	0	0	0
1	1	1	1	1	1	1	1	1	1	1	1	1	1	1	1	1	1	1	1	0	0	0	0	0
1	1	1	1	1	1	1	1	1	1	1	1	1	1	1	1	1	1	1	1	0	0	0	0	0
1	1	1	1	1	1	1	1	1	1	1	1	1	1	1	1	1	1	1	1	0	0	0	0	0
1	1	1	1	1	1	1	1	1	1	1	1	1	1	1	1	1	1	1	1	0	0	0	0	0
1	1	1	1	1	1	1	1	1	1	1	1	1	1	1	1	1	1	1	1	0	0	0	0	0
1	1	1	1	1	1	1	1	1	1	1	1	1	1	1	1	1	1	1	1	0	0	0	0	0
1	1	1	1	1	1	1	1	1	1	1	1	1	1	1	1	1	1	1	1	0	0	0	0	0
1	1	1	1	1	1	1	1	1	1	1	1	1	1	1	1	1	1	1	1	0	0	0	0	0
1	1	1	1	1	1	1	1	1	1	1	1	1	1	1	1	1	1	1	1	0	0	0	0	0
1	1	1	1	1	1	1	1	1	1	1	1	1	1	1	1	1	1	1	1	0	0	0	0	0
1	1	1	1	1	1	1	1	1	1	1	1	1	1	1	1	1	1	1	1	0	0	0	0	0
1	1	1	1	1	1	1	1	1	1	1	1	1	1	1	1	1	1	1	1	0	0	0	0	0
1	1	1	1	1	1	1	1	1	1	1	1	1	1	1	1	1	1	1	1	0	0	0	0	0
1	1	1	1	1	1	1	1	1	1	1	1	1	1	1	1	1	1	1	1	0	0	0	0	0
1	1	1	1	1	1	1	1	1	1	1	1	1	1	1	1	1	1	1	1	0	0	0	0	0
1	1	1	1	1	1	1	1	1	1	1	1	1	1	1	1	1	1	1	1	0	0	0	0	0
1	1	1	1	1	1	1	1	1	1	1	1	1	1	1	1	1	1	1	1	0	0	0	0	0
1	1	1	1	1	1	1	1	1	1	1	1	1	1	1	1	1	1	1	1	0	0	0	0	0
1	1	1	1	1	1	1	1	1	1	1	1	1	1	1	1	1	1	1	1	0	0	0	0	0
1	1	1	1	1	1	1	1	1	1	1	1	1	1	1	1	1	1	1	1	0	0	0	0	0
1	1	1	1	1	1	1	1	1	1	1	1	1	1	1	1	1	1	1	1	0	0	0	0	0
1	1	1	1	1	1	1	1	1	1	1	1	1	1	1	1	1	1	1	1	0	0	0	0	0
1	1	1	1	1	1	1	1	1	1	1	1	1	1	1	1	1	1	1	1	0	0	0	0	0
1	1	1	1	1	1	1	1	1	1	1	1	1	1	1	1	1	1	1	1	0	0	0	0	0
1	1	1	1	1	1	1	1	1	1	1	1	1	1	1	1	1	1	1	1	0	0	0	0	0
1	1	1	1	1	1	1	1	1	1	1	1	1	1	1	1	1	1	1	1	0	0	0	0	0
1	1	1	1	1	1	1	1	1	1	1	1	1	1	1	1	1	1	1	1	0	0	0	0	0
1	1	1	1	1	1	1	1	1	1	1	1	1	1	1	1	1	1	1	1	0	0	0	0	0
1	1	1	1	1	1	1	1	1	1	1	1	1	1	1	1	1	1	1	1	0	0	0	0	0
1	1	1	1	1	1	1	1	1	1	1	1	1	1	1	1	1	1	1	1	0	0	0	0	0
1	1	1	1	1	1	1	1	1	1	1	1	1	1	1	1	1	1	1	1	0	0	0	0	0
1	1	1	1	1	1	1	1	1	1	1	1	1	1	1	1	1	1	1	1	0	0	0	0	0
1	1	1	1	1	1	1	1	1	1	1	1	1	1	1	1	1	1	1	1	0	0	0	0	0
1	1	1	1	1	1	1	1	1	1	1	1	1	1	1	1	1	1	1	1	0	0	0	0	0
1	1	1	1	1	1	1	1	1	1	1	1	1	1	1	1	1	1	1	1	0	0	0	0	0
1	1	1	1	1	1	1	1	1	1	1	1	1	1	1	1	1	1	1	1	0	0	0	0	0
1	1	1	1	1	1	1	1	1	1	1	1	1	1	1	1	1	1	1	1	0	0	0	0	0
1	1	1	1	1	1	1	1	1	1	1	1	1	1	1	1	1	1	1	1	0	0	0	0	0
1	1	1	1	1	1	1	1	1	1	1	1	1	1	1	1	1	1	1	1	0	0	0	0	0
1	1	1	1	1	1	1	1	1	1	1	1	1	1	1	1	1	1	1	1	0	0	0	0	0
1	1	1	1	1	1	1	1	1	1	1	1	1	1	1	1	1	1	1	1	0	0	0	0	0
1	1	1	1	1	1	1	1	1	1	1	1	1	1	1	1	1	1	1	1	0	0	0	0	0
1	1	1	1	1	1	1	1	1	1	1	1	1	1	1	1	1	1	1	1	0	0	0	0	0
1	1	1	1	1	1	1	1	1	1	1	1	1	1	1	1	1	1	1	1	0	0	0	0	0
1	1	1	1	1	1	1	1	1	1	1	1	1	1	1	1	1	1	1	1	0	0	0	0	0
1	1	1	1	1	1	1	1	1	1	1	1	1	1	1	1	1	1	1	1	0	0	0	0	0
1	1	1	1	1	1	1	1	1	1	1	1	1	1	1	1	1	1	1	1	0	0	0	0	0
1	1	1	1	1	1	1	1	1	1	1	1	1	1	1	1	1	1	1	1	0	0	0	0	0
1	1	1	1	1	1	1	1	1	1	1	1	1	1	1	1	1	1	1	1	0	0	0	0	0
1	1	1	1	1	1	1	1	1	1	1	1	1	1	1	1	1	1	1	1	0	0	0	0	0
1	1	1	1	1	1	1	1	1	1	1	1	1	1	1	1	1	1	1	1	0	0	0	0	0
1	1	1	1	1	1	1	1	1	1	1	1	1	1	1	1	1	1	1	1	0	0	0	0	0
1	1	1	1	1	1	1	1	1	1	1	1	1	1	1	1	1	1	1	1	0	0	0	0	0
1	1	1	1	1	1	1	1	1	1	1	1	1	1	1	1	1	1	1	1	0	0	0	0	0
1	1	1	1	1	1	1	1	1	1	1	1	1	1	1	1	1	1	1	1	0	0	0	0	0
1	1	1	1	1	1	1	1	1	1	1	1	1	1	1	1	1	1	1	1	0	0	0	0	0
1	1	1	1	1	1	1	1	1	1	1	1	1	1	1	1	1	1	1	1	0	0	0	0	0
1	1	1	1	1	1	1	1	1	1	1	1	1	1	1	1	1	1	1	1	0	0	0	0	0
1	1	1	1	1	1	1	1	1	1	1	1	1	1	1	1	1	1	1	1	0	0	0	0	0
1	1	1	1	1	1	1	1	1	1	1	1	1	1	1	1	1	1	1	1	0	0	0	0	0
1	1	1	1	1	1	1	1	1	1	1	1	1	1	1	1	1	1	1	1	0	0	0	0	0
1	1	1	1	1	1	1	1	1	1	1	1	1	1	1	1	1	1	1	1	0	0	0	0	0
1	1	1	1	1	1	1	1	1	1	1	1	1	1	1	1	1	1	1	1	0	0	0	0	0
1	1	1	1	1	1	1	1	1	1	1	1	1	1	1	1	1	1	1	1	0	0	0	0	0
1	1	1	1	1	1	1	1	1	1	1	1	1	1	1	1	1	1	1	1	0	0	0	0	0
1	1	1	1	1	1	1	1	1	1	1	1	1	1	1	1	1	1	1	1	0	0	0	0	0
1	1	1	1	1	1	1	1	1	1	1	1	1	1	1	1	1	1	1	1	0	0	0	0	0
1	1	1	1	1	1	1	1	1	1	1	1	1	1	1	1	1	1	1	1	1	0	1	0	0
1	1	1	1	1	1	1	1	1	1	1	1	1	1	1	1	1	1	1	1	0	0	0	0	0
1	1	1	1	1	1	1	1	1	1	1	1	1	1	1	1	1	1	1	1	0	0	0	0	0
1	1	1	1	1	1	1	1	1	1	1	1	1	1	1	1	1	1	1	1	0	0	0	0	0
1	1	1	1	1	1	1	1	1	1	1	1	1	1	1	1	1	1	1	1	0	0	0	0	0
1	1	1	1	1	1	1	1	1	1	1	1	1	1	1	1	1	1	1	1	0	0	0	0	0
1	1	1	1	1	1	1	1	1	1	1	1	1	1	1	1	1	1	1	1	0	0	0	0	0
1	1	1	1	1	1	1	1	1	1	1	1	1	1	1	1	1	1	1	1	0	0	0	0	0
1	1	1	1	1	1	1	1	1	1	1	1	1	1	1	1	1	1	1	1	1	0	1	0	0
1	1	1	1	1	1	1	1	1	1	1	1	1	1	1	1	1	1	1	1	1	0	1	0	0
1	1	1	1	1	1	1	1	1	1	1	1	1	1	1	1	1	1	1	1	0	0	0	0	0
1	1	1	1	1	1	1	1	1	1	1	1	1	1	1	1	1	1	1	1	1	0	1	0	0
1	1	1	1	1	1	1	1	1	1	1	1	1	1	1	1	1	1	1	1	0	0	0	0	0
1	1	1	1	1	1	1	1	1	1	1	1	1	1	1	1	1	1	1	1	0	0	0	0	0
1	1	1	1	1	1	1	1	1	1	1	1	1	1	1	1	1	1	1	1	0	0	0	0	0
1	1	1	1	1	1	1	1	1	1	1	1	1	1	1	1	1	1	1	1	0	0	0	0	0
1	1	1	1	1	1	1	1	1	1	1	1	1	1	1	1	1	1	1	1	0	0	0	0	0
1	1	1	1	1	1	1	1	1	1	1	1	1	1	1	1	1	1	1	1	0	0	0	0	0
1	1	1	1	1	1	1	1	1	1	1	1	1	1	1	1	1	1	1	1	0	0	0	0	0
1	1	1	1	1	1	1	1	1	1	1	1	1	1	1	1	1	1	1	1	0	0	0	0	0
1	1	1	1	1	1	1	1	1	1	1	1	1	1	1	1	1	1	1	1	0	0	0	0	0
1	1	1	1	1	1	1	1	1	1	1	1	1	1	1	1	1	1	1	1	0	0	0	0	0
1	1	1	1	1	1	1	1	1	1	1	1	1	1	1	1	1	1	1	1	1	0	1	0	0
1	1	1	1	1	1	1	1	1	1	1	1	1	1	1	1	1	1	1	1	0	0	0	0	0
1	1	1	1	1	1	1	1	1	1	1	1	1	1	1	1	1	1	1	1	0	0	0	0	0
1	1	1	1	1	1	1	1	1	1	1	1	1	1	1	1	1	1	1	1	0	0	0	0	0
1	1	1	1	1	1	1	1	1	1	1	1	1	1	1	1	1	1	1	1	0	0	0	0	0
1	1	1	1	1	1	1	1	1	1	1	1	1	1	1	1	1	1	1	1	0	0	0	0	0
1	1	1	1	1	1	1	1	1	1	1	1	1	1	1	1	1	1	1	1	0	0	0	0	0
1	1	1	1	1	1	1	1	1	1	1	1	1	1	1	1	1	1	1	1	1	0	1	0	0
1	1	1	1	1	1	1	1	1	1	1	1	1	1	1	1	1	1	1	1	0	0	0	0	0
1	1	1	1	1	1	1	1	1	1	1	1	1	1	1	1	1	1	1	1	0	0	0	0	0
1	1	1	1	1	1	1	1	1	1	1	1	1	1	1	1	1	1	1	1	1	0	1	0	0
1	1	1	1	1	1	1	1	1	1	1	1	1	1	1	1	1	1	1	1	0	1	0	0	0
1	1	1	1	1	1	1	1	1	1	1	1	1	1	1	1	1	1	1	1	0	1	0	0	0
1	1	1	1	1	1	1	1	1	1	1	1	1	1	1	1	1	1	1	1	0	0	0	0	0
1	1	1	1	1	1	1	1	1	1	1	1	1	1	1	1	1	1	1	1	0	1	0	0	0
1	1	1	1	1	1	1	1	1	1	1	1	1	1	1	1	1	1	1	1	0	0	1	0	0
1	1	1	1	1	1	1	1	1	1	1	1	1	1	1	1	1	1	1	1	0	1	0	0	0
1	1	1	1	1	1	1	1	1	1	1	1	1	1	1	1	1	1	1	1	0	1	0	0	0
1	1	1	1	1	1	1	1	1	1	1	1	1	1	1	1	1	1	1	1	0	0	0	0	0
1	1	1	1	1	1	1	1	1	1	1	1	1	1	1	1	1	1	1	1	0	1	0	0	0
1	1	1	1	1	1	1	1	1	1	1	1	1	1	1	1	1	1	1	1	0	1	0	0	1
1	1	1	1	1	1	1	1	1	1	1	1	1	1	1	1	1	1	1	1	0	1	0	0	0
1	1	1	1	1	1	1	1	1	1	1	1	1	1	1	1	1	1	1	1	0	1	0	0	0
1	1	1	1	1	1	1	1	1	1	1	1	1	1	1	1	1	1	1	1	0	1	0	0	0
1	1	1	1	1	1	1	1	1	1	1	1	1	1	1	1	1	1	1	1	0	1	0	0	0
1	1	1	1	1	1	1	1	1	1	1	1	1	1	1	1	1	1	1	1	0	1	0	0	0
1	1	1	1	1	1	1	1	1	1	1	1	1	1	1	1	1	1	1	1	0	1	1	0	1
1	1	1	1	1	1	1	1	1	1	1	1	1	1	1	1	1	1	1	1	0	0	0	0	0
1	1	1	1	1	1	1	1	1	1	1	1	1	1	1	1	1	1	1	1	0	0	0	0	0
1	1	1	1	1	1	1	1	1	1	1	1	1	1	1	1	1	1	1	1	0	1	0	0	0
1	1	1	1	1	1	1	1	1	1	1	1	1	1	1	1	1	1	1	1	0	1	0	0	0
1	1	1	1	1	1	1	1	1	1	1	1	1	1	1	1	1	1	1	1	0	0	0	0	0
1	1	1	1	1	1	1	1	1	1	1	1	1	1	1	1	1	1	1	1	0	1	0	0	1
1	1	1	1	1	1	1	1	1	1	1	1	1	1	1	1	1	1	1	1	0	0	0	0	0
1	1	1	1	1	1	1	1	1	1	1	1	1	1	1	1	1	1	1	1	0	0	1	0	0
1	1	1	1	1	1	1	1	1	1	1	1	1	1	1	1	1	1	1	1	0	0	1	0	0
1	1	1	1	1	1	1	1	1	1	1	1	1	1	1	1	1	1	1	1	0	0	0	0	0
1	1	1	1	1	1	1	1	1	1	1	1	1	1	1	1	1	1	1	1	0	1	1	0	0
1	1	1	1	1	1	1	1	1	1	1	1	1	1	1	1	1	1	1	1	0	1	0	0	0
1	1	1	1	1	1	1	1	1	1	1	1	1	1	1	1	1	1	1	1	0	0	0	0	0
1	1	1	1	1	1	1	1	1	1	1	1	1	1	1	1	1	1	1	1	0	1	0	0	1
1	1	1	1	1	1	1	1	1	1	1	1	1	1	1	1	1	1	1	1	1	0	0	0	0
1	1	1	1	1	1	1	1	1	1	1	1	1	1	1	1	1	1	1	1	1	0	1	0	0
1	1	1	1	1	1	1	1	1	1	1	1	1	1	1	1	1	1	1	1	1	0	1	0	0
1	1	1	1	1	1	1	1	1	1	1	1	1	1	1	1	1	1	1	1	0	0	0	0	0
1	1	1	1	1	1	1	1	1	1	1	1	1	1	1	1	1	1	1	1	1	1	1	0	0
1	1	1	1	1	1	1	1	1	1	1	1	1	1	1	1	1	1	1	1	0	1	0	0	0
1	1	1	1	1	1	1	1	1	1	1	1	1	1	1	1	1	1	1	1	0	0	0	0	0
1	1	1	1	1	1	1	1	1	1	1	1	1	1	1	1	1	1	1	1	1	1	0	1	1
1	1	1	1	1	1	1	1	1	1	1	1	1	1	1	1	1	1	1	1	0	0	0	0	0
1	1	1	1	1	1	1	1	1	1	1	1	1	1	1	1	1	1	1	1	0	0	1	0	0
1	1	1	1	1	1	1	1	1	1	1	1	1	1	1	1	1	1	1	1	0	0	0	0	0
1	1	1	1	1	1	1	1	1	1	1	1	1	1	1	1	1	1	1	1	0	0	0	0	0
1	1	1	1	1	1	1	1	1	1	1	1	1	1	1	1	1	1	1	1	0	1	0	0	0
1	1	1	1	1	1	1	1	1	1	1	1	1	1	1	1	1	1	1	1	0	1	0	0	0
1	1	1	1	1	1	1	1	1	1	1	1	1	1	1	1	1	1	1	1	0	1	0	0	0
1	1	1	1	1	1	1	1	1	1	1	1	1	1	1	1	1	1	1	1	1	1	1	1	0
1	1	1	1	1	1	1	1	1	1	1	1	1	1	1	1	1	1	1	1	1	0	0	0	0
1	1	1	1	1	1	1	1	1	1	1	1	1	1	1	1	1	1	1	1	1	0	1	0	0
1	1	1	1	1	1	1	1	1	1	1	1	1	1	1	1	1	1	1	1	0	0	0	0	0
1	1	1	1	1	1	1	1	1	1	1	1	1	1	1	1	1	1	1	1	0	0	0	0	1
1	1	1	1	1	1	1	1	1	1	1	1	1	1	1	1	1	1	1	1	0	0	0	0	0
1	1	1	1	1	1	1	1	1	1	1	1	1	1	1	1	1	1	1	1	0	0	0	0	0
1	1	1	1	1	1	1	1	1	1	1	1	1	1	1	1	1	1	1	1	0	1	0	0	0
1	1	1	1	1	1	1	1	1	1	1	1	1	1	1	1	1	1	1	1	1	1	1	1	1
1	1	1	1	1	1	1	1	1	1	1	1	1	1	1	1	1	1	1	1	0	0	0	0	0
1	1	1	1	1	1	1	1	1	1	1	1	1	1	1	1	1	1	1	1	0	0	0	0	0
1	1	1	1	1	1	1	1	1	1	1	1	1	1	1	1	1	1	1	1	0	0	0	0	0
1	1	1	1	1	1	1	1	1	1	1	1	1	1	1	1	1	1	1	1	0	0	1	0	0
1	1	1	1	1	1	1	1	1	1	1	1	1	1	1	1	1	1	1	1	0	0	0	0	0
1	1	1	1	1	1	1	1	1	1	1	1	1	1	1	1	1	1	1	1	0	1	0	0	0
1	1	1	1	1	1	1	1	1	1	1	1	1	1	1	1	1	1	1	1	0	1	0	0	0
1	1	1	1	1	1	1	1	1	1	1	1	1	1	1	1	1	1	1	1	1	0	1	1	0
1	1	1	1	1	1	1	1	1	1	1	1	1	1	1	1	1	1	1	1	0	0	0	0	1
1	1	1	1	1	1	1	1	1	1	1	1	1	1	1	1	1	1	1	1	1	0	0	0	1
1	1	1	1	1	1	1	1	1	1	1	1	1	1	1	1	1	1	1	1	0	0	0	0	1
1	1	1	1	1	1	1	1	1	1	1	1	1	1	1	1	1	1	1	1	0	1	0	0	1
1	1	1	1	1	1	1	1	1	1	1	1	1	1	1	1	1	1	1	1	0	0	0	0	0
1	1	1	1	1	1	1	1	1	1	1	1	1	1	1	1	1	1	1	1	0	1	0	0	0
1	1	1	1	1	1	1	1	1	1	1	1	1	1	1	1	1	1	1	1	0	0	0	0	0
1	1	1	1	1	1	1	1	1	1	1	1	1	1	1	1	1	1	1	1	1	0	1	1	0
1	1	1	1	1	1	1	1	1	1	1	1	1	1	1	1	1	1	1	1	0	0	1	0	0
1	1	1	1	1	1	1	1	1	1	1	1	1	1	1	1	1	1	1	1	0	1	1	0	0
1	1	1	1	1	1	1	1	1	1	1	1	1	1	1	1	1	1	1	1	0	1	1	0	0
1	1	1	1	1	1	1	1	1	1	1	1	1	1	1	1	1	1	1	1	0	1	0	0	1
1	1	1	1	1	1	1	1	1	1	1	1	1	1	1	1	1	1	1	1	0	1	0	0	0
1	1	1	1	1	1	1	1	1	1	1	1	1	1	1	1	1	1	1	1	0	1	0	0	0
1	1	1	1	1	1	1	1	1	1	1	1	1	1	1	1	1	1	1	1	0	0	0	0	0
1	1	1	1	1	1	1	1	1	1	1	1	1	1	1	1	1	1	1	1	1	0	1	1	0
1	1	1	1	1	1	1	1	1	1	1	1	1	1	1	1	1	1	1	1	0	1	0	0	1
1	1	1	1	1	1	1	1	1	1	1	1	1	1	1	1	1	1	1	1	1	1	0	0	1
1	1	1	1	1	1	1	1	1	1	1	1	1	1	1	1	1	1	1	1	0	1	0	0	1
1	1	1	1	1	1	1	1	1	1	1	1	1	1	1	1	1	1	1	1	0	1	0	0	1
1	1	1	1	1	1	1	1	1	1	1	1	1	1	1	1	1	1	1	1	0	1	0	0	0
1	1	1	1	1	1	1	1	1	1	1	1	1	1	1	1	1	1	1	1	0	0	0	0	0
1	1	1	1	1	1	1	1	1	1	1	1	1	1	1	1	1	1	1	1	0	0	0	0	0
1	1	1	1	1	1	1	1	1	1	1	1	1	1	1	1	1	1	1	1	0	0	0	0	0
1	1	1	1	1	1	1	1	1	1	1	1	1	1	1	1	1	1	1	1	0	1	1	0	1
1	1	1	1	1	1	1	1	1	1	1	1	1	1	1	1	1	1	1	1	0	1	0	0	1
1	1	1	1	1	1	1	1	1	1	1	1	1	1	1	1	1	1	1	1	0	1	0	0	1
1	1	1	1	1	1	1	1	1	1	1	1	1	1	1	1	1	1	1	1	0	1	0	0	0
1	1	1	1	1	1	1	1	1	1	1	1	1	1	1	1	1	1	1	1	0	1	0	0	0
1	1	1	1	1	1	1	1	1	1	1	1	1	1	1	1	1	1	1	1	0	0	0	0	0
1	1	1	1	1	1	1	1	1	1	1	1	1	1	1	1	1	1	1	1	0	0	0	0	0
1	1	1	1	1	1	1	1	1	1	1	1	1	1	1	1	1	1	1	1	0	0	0	0	0
1	1	1	1	1	1	1	1	1	1	1	1	1	1	1	1	1	1	1	1	1	1	0	0	1
1	1	1	1	1	1	1	1	1	1	1	1	1	1	1	1	1	1	1	1	1	1	0	0	1
1	1	1	1	1	1	1	1	1	1	1	1	1	1	1	1	1	1	1	1	0	1	0	0	1
1	1	1	1	1	1	1	1	1	1	1	1	1	1	1	1	1	1	1	1	1	0	0	0	1
1	1	1	1	1	1	1	1	1	1	1	1	1	1	1	1	1	1	1	1	0	0	0	0	0
1	1	1	1	1	1	1	1	1	1	1	1	1	1	1	1	1	1	1	1	1	0	0	1	1
1	1	1	1	1	1	1	1	1	1	1	1	1	1	1	1	1	1	1	1	0	0	0	0	0
1	1	1	1	1	1	1	1	1	1	1	1	1	1	1	1	1	1	1	1	0	0	0	0	0
1	1	1	1	1	1	1	1	1	1	1	1	1	1	1	1	1	1	1	1	0	1	0	0	1
1	1	1	1	1	1	1	1	1	1	1	1	1	1	1	1	1	1	1	1	0	1	0	0	0
1	1	1	1	1	1	1	1	1	1	1	1	1	1	1	1	1	1	1	1	0	1	0	0	0
1	1	1	1	1	1	1	1	1	1	1	1	1	1	1	1	1	1	1	1	1	0	1	0	0
1	1	1	1	1	1	1	1	1	1	1	1	1	1	1	1	1	1	1	1	0	0	0	0	0
1	1	1	1	1	1	1	1	1	1	1	1	1	1	1	1	1	1	1	1	1	1	0	1	0
1	1	1	1	1	1	1	1	1	1	1	1	1	1	1	1	1	1	1	1	0	0	0	0	0
1	1	1	1	1	1	1	1	1	1	1	1	1	1	1	1	1	1	1	1	0	0	0	0	0
1	1	1	1	1	1	1	1	1	1	1	1	1	1	1	1	1	1	1	1	1	1	1	0	1
1	1	1	1	1	1	1	1	1	1	1	1	1	1	1	1	1	1	1	1	1	1	1	0	1
1	1	1	1	1	1	1	1	1	1	1	1	1	1	1	1	1	1	1	1	1	1	1	0	1
1	1	1	1	1	1	1	1	1	1	1	1	1	1	1	1	1	1	1	1	1	0	1	0	0
1	1	1	1	1	1	1	1	1	1	1	1	1	1	1	1	1	1	1	1	0	0	0	0	0
1	1	1	1	1	1	1	1	1	1	1	1	1	1	1	1	1	1	1	1	1	0	0	1	1
1	1	1	1	1	1	1	1	1	1	1	1	1	1	1	1	1	1	1	1	1	0	0	1	1
1	1	1	1	1	1	1	1	1	1	1	1	1	1	1	1	1	1	1	1	0	0	0	0	0
1	1	1	1	1	1	1	1	1	1	1	1	1	1	1	1	1	1	1	1	0	0	0	0	0
1	1	1	1	1	1	1	1	1	1	1	1	1	1	1	1	1	1	1	1	1	0	1	1	1
1	1	1	1	1	1	1	1	1	1	1	1	1	1	1	1	1	1	1	1	1	0	1	1	1
1	1	1	1	1	1	1	1	1	1	1	1	1	1	1	1	1	1	1	1	1	0	1	1	1
1	1	1	1	1	1	1	1	1	1	1	1	1	1	1	1	1	1	1	1	1	0	1	0	0
1	1	1	1	1	1	1	1	1	1	1	1	1	1	1	1	1	1	1	1	0	0	0	0	0
1	1	1	1	1	1	1	1	1	1	1	1	1	1	1	1	1	1	1	1	1	1	0	1	0
1	1	1	1	1	1	1	1	1	1	1	1	1	1	1	1	1	1	1	1	1	1	0	1	0
1	1	1	1	1	1	1	1	1	1	1	1	1	1	1	1	1	1	1	1	0	0	0	0	0
1	1	1	1	1	1	1	1	1	1	1	1	1	1	1	1	1	1	1	1	0	0	0	0	0
1	1	1	1	1	1	1	1	1	1	1	1	1	1	1	1	1	1	1	1	1	1	1	1	1
1	1	1	1	1	1	1	1	1	1	1	1	1	1	1	1	1	1	1	1	1	0	1	1	1
1	1	1	1	1	1	1	1	1	1	1	1	1	1	1	1	1	1	1	1	1	0	1	1	1
1	1	1	1	1	1	1	1	1	1	1	1	1	1	1	1	1	1	1	1	0	0	0	0	0
1	1	1	1	1	1	1	1	1	1	1	1	1	1	1	1	1	1	1	1	1	0	0	0	0
1	1	1	1	1	1	1	1	1	1	1	1	1	1	1	1	1	1	1	1	1	0	0	1	1
1	1	1	1	1	1	1	1	1	1	1	1	1	1	1	1	1	1	1	1	1	0	0	1	1
1	1	1	1	1	1	1	1	1	1	1	1	1	1	1	1	1	1	1	1	0	0	0	0	0
1	1	1	1	1	1	1	1	1	1	1	1	1	1	1	1	1	1	1	1	0	0	0	0	0
1	1	1	1	1	1	1	1	1	1	1	1	1	1	1	1	1	1	1	1	1	1	1	1	1
1	1	1	1	1	1	1	1	1	1	1	1	1	1	1	1	1	1	1	1	1	0	1	1	1
1	1	1	1	1	1	1	1	1	1	1	1	1	1	1	1	1	1	1	1	1	0	1	1	1
1	1	1	1	1	1	1	1	1	1	1	1	1	1	1	1	1	1	1	1	1	0	1	1	1
1	1	1	1	1	1	1	1	1	1	1	1	1	1	1	1	1	1	1	1	0	0	0	0	0
1	1	1	1	1	1	1	1	1	1	1	1	1	1	1	1	1	1	1	1	1	0	0	0	0
1	1	1	1	1	1	1	1	1	1	1	1	1	1	1	1	1	1	1	1	1	1	0	1	0
1	1	1	1	1	1	1	1	1	1	1	1	1	1	1	1	1	1	1	1	1	1	0	1	0
1	1	1	1	1	1	1	1	1	1	1	1	1	1	1	1	1	1	1	1	1	0	0	0	0
1	1	1	1	1	1	1	1	1	1	1	1	1	1	1	1	1	1	1	1	0	0	0	0	0
1	1	1	1	1	1	1	1	1	1	1	1	1	1	1	1	1	1	1	1	1	1	1	1	1
1	1	1	1	1	1	1	1	1	1	1	1	1	1	1	1	1	1	1	1	1	1	1	1	1
1	1	1	1	1	1	1	1	1	1	1	1	1	1	1	1	1	1	1	1	0	1	0	0	1
1	1	1	1	1	1	1	1	1	1	1	1	1	1	1	1	1	1	1	1	0	0	1	0	0
1	1	1	1	1	1	1	1	1	1	1	1	1	1	1	1	1	1	1	1	1	0	0	1	1
1	1	1	1	1	1	1	1	1	1	1	1	1	1	1	1	1	1	1	1	1	0	0	1	1
1	1	1	1	1	1	1	1	1	1	1	1	1	1	1	1	1	1	1	1	1	0	0	1	1
1	1	1	1	1	1	1	1	1	1	1	1	1	1	1	1	1	1	1	1	1	0	0	1	1
1	1	1	1	1	1	1	1	1	1	1	1	1	1	1	1	1	1	1	1	0	0	0	0	0
1	1	1	1	1	1	1	1	1	1	1	1	1	1	1	1	1	1	1	1	0	0	0	0	0
1	1	1	1	1	1	1	1	1	1	1	1	1	1	1	1	1	1	1	1	1	1	1	1	1
1	1	1	1	1	1	1	1	1	1	1	1	1	1	1	1	1	1	1	1	1	1	1	1	1
1	1	1	1	1	1	1	1	1	1	1	1	1	1	1	1	1	1	1	1	1	1	0	0	1
1	1	1	1	1	1	1	1	1	1	1	1	1	1	1	1	1	1	1	1	0	0	0	0	1
1	1	1	1	1	1	1	1	1	1	1	1	1	1	1	1	1	1	1	1	1	1	1	1	0
1	1	1	1	1	1	1	1	1	1	1	1	1	1	1	1	1	1	1	1	1	1	0	1	0
1	1	1	1	1	1	1	1	1	1	1	1	1	1	1	1	1	1	1	1	1	1	0	1	0
1	1	1	1	1	1	1	1	1	1	1	1	1	1	1	1	1	1	1	1	1	1	0	1	0
1	1	1	1	1	1	1	1	1	1	1	1	1	1	1	1	1	1	1	1	1	0	0	0	0
1	1	1	1	1	1	1	1	1	1	1	1	1	1	1	1	1	1	1	1	0	0	0	0	0
1	1	1	1	1	1	1	1	1	1	1	1	1	1	1	1	1	1	1	1	1	1	1	0	1
1	1	1	1	1	1	1	1	1	1	1	1	1	1	1	1	1	1	1	1	0	1	0	0	1
1	1	1	1	1	1	1	1	1	1	1	1	1	1	1	1	1	1	1	1	0	1	0	0	1
1	1	1	1	1	1	1	1	1	1	1	1	1	1	1	1	1	1	1	1	0	0	0	0	1
1	1	1	1	1	1	1	1	1	1	1	1	1	1	1	1	1	1	1	1	1	1	0	1	1
1	1	1	1	1	1	1	1	1	1	1	1	1	1	1	1	1	1	1	1	0	0	0	0	1
1	1	1	1	1	1	1	1	1	1	1	1	1	1	1	1	1	1	1	1	1	0	0	1	1
1	1	1	1	1	1	1	1	1	1	1	1	1	1	1	1	1	1	1	1	1	0	0	0	0
1	1	1	1	1	1	1	1	1	1	1	1	1	1	1	1	1	1	1	1	0	0	0	0	0
1	1	1	1	1	1	1	1	1	1	1	1	1	1	1	1	1	1	1	1	0	0	0	0	0
1	1	1	1	1	1	1	1	1	1	1	1	1	1	1	1	1	1	1	1	1	0	1	1	1
1	1	1	1	1	1	1	1	1	1	1	1	1	1	1	1	1	1	1	1	0	1	0	0	1
1	1	1	1	1	1	1	1	1	1	1	1	1	1	1	1	1	1	1	1	1	1	0	0	0
1	1	1	1	1	1	1	1	1	1	1	1	1	1	1	1	1	1	1	1	1	0	0	0	1
1	1	1	1	1	1	1	1	1	1	1	1	1	1	1	1	1	1	1	1	1	1	0	1	1
1	1	1	1	1	1	1	1	1	1	1	1	1	1	1	1	1	1	1	1	1	1	1	1	0
1	1	1	1	1	1	1	1	1	1	1	1	1	1	1	1	1	1	1	1	1	1	1	1	0
1	1	1	1	1	1	1	1	1	1	1	1	1	1	1	1	1	1	1	1	1	1	0	1	0
1	1	1	1	1	1	1	1	1	1	1	1	1	1	1	1	1	1	1	1	0	0	0	0	0
1	1	1	1	1	1	1	1	1	1	1	1	1	1	1	1	1	1	1	1	0	1	0	1	0
1	1	1	1	1	1	1	1	1	1	1	1	1	1	1	1	1	1	1	1	1	0	1	1	1
1	1	1	1	1	1	1	1	1	1	1	1	1	1	1	1	1	1	1	1	1	1	1	0	1
1	1	1	1	1	1	1	1	1	1	1	1	1	1	1	1	1	1	1	1	1	1	1	0	1
1	1	1	1	1	1	1	1	1	1	1	1	1	1	1	1	1	1	1	1	0	0	0	0	1
1	1	1	1	1	1	1	1	1	1	1	1	1	1	1	1	1	1	1	1	0	1	0	0	1
1	1	1	1	1	1	1	1	1	1	1	1	1	1	1	1	1	1	1	1	0	1	0	0	1
1	1	1	1	1	1	1	1	1	1	1	1	1	1	1	1	1	1	1	1	1	1	0	0	1
1	1	1	1	1	1	1	0	0	0	1	0	1	1	1	1	1	1	1	0	1	0	0	0	0
1	1	0	0	0	0	0	0	0	1	0	0	0	1	0	0	0	0	1	0	0	0	0	0	0
1	1	0	0	0	0	0	0	0	0	0	0	0	0	0	0	0	0	1	1	0	1	0	1	1
1	0	0	0	0	0	0	0	0	0	0	1	0	1	1	1	1	0	1	1	1	0	1	1	1
1	0	0	0	0	0	0	0	0	0	1	1	1	1	1	1	1	1	1	1	1	1	1	1	1
1	1	0	0	0	0	0	0	1	0	1	0	1	1	1	1	0	0	1	1	1	1	1	1	1
1	1	0	0	0	0	0	0	1	0	1	0	1	1	1	0	0	0	1	1	0	1	1	1	1
1	1	0	0	0	0	0	1	0	1	1	1	1	1	1	1	1	1	0	0	1	1	0	1	0
1	1	0	0	0	1	0	1	0	1	1	1	1	1	1	0	1	1	0	0	1	1	0	1	1
1	1	0	1	1	1	1	1	1	1	1	1	1	1	1	0	1	1	1	1	1	1	0	1	1
1	1	1	0	0	1	0	0	1	1	1	1	1	1	1	0	1	1	0	0	1	1	0	1	0
1	1	0	1	1	0	0	0	0	0	0	0	0	0	0	0	0	0	0	0	0	1	0	1	0
1	1	0	0	0	0	0	1	0	0	0	0	0	0	0	0	0	0	0	0	0	0	0	0	0
1	1	0	0	0	0	0	0	0	0	1	1	1	1	1	1	1	0	1	1	0	0	1	0	1
1	1	0	0	0	0	0	0	0	0	1	1	1	1	1	1	1	1	1	1	1	0	1	1	1
1	1	0	0	0	0	0	0	1	1	1	0	1	1	1	1	1	0	1	0	1	0	1	1	1
1	1	0	0	0	0	0	0	1	1	1	0	1	0	1	1	1	0	0	0	0	0	0	0	1
1	1	0	1	0	0	0	0	0	0	0	0	0	0	0	0	0	0	1	0	1	1	1	0	1
1	1	1	0	0	1	0	1	0	0	0	1	1	1	1	1	1	1	1	1	1	1	0	0	1
1	1	1	1	1	1	1	1	1	0	0	1	1	1	1	0	1	1	1	1	0	1	0	0	1
1	1	0	0	0	1	1	0	0	1	0	0	1	1	0	1	1	1	1	0	1	0	0	0	0
1	1	0	1	0	0	0	0	0	1	0	0	1	0	0	0	0	0	1	1	0	1	0	1	1
1	0	0	0	0	0	0	0	1	0	0	0	0	0	0	0	0	0	0	0	0	0	0	0	0
1	1	0	0	0	0	0	0	0	0	1	1	1	1	1	1	1	1	1	1	0	1	1	1	1
1	1	0	0	0	0	0	0	0	0	1	0	0	1	0	1	0	0	0	0	1	0	1	1	1
1	1	0	1	0	0	0	1	0	0	1	0	1	0	1	1	0	0	0	0	1	0	1	1	1
1	1	0	1	0	0	0	1	0	0	0	0	0	0	0	0	0	0	0	0	0	0	0	1	0
1	1	0	0	0	0	0	1	0	1	1	1	1	1	1	0	1	1	0	0	1	1	1	1	1
1	1	0	0	0	1	0	1	1	1	1	1	1	1	1	1	1	1	1	1	1	1	0	1	0
1	1	0	1	1	1	0	1	1	1	1	1	1	1	1	1	1	1	1	1	1	1	0	1	0
1	1	1	0	0	1	0	0	1	1	1	1	1	1	1	0	1	1	0	0	1	1	0	1	0
1	1	0	0	1	0	1	0	0	0	1	0	1	0	0	0	0	0	0	0	1	0	0	0	0
1	1	0	0	0	0	0	0	0	0	0	0	0	0	0	0	0	0	0	0	0	0	0	0	0
1	1	0	0	0	0	0	0	0	0	1	1	0	1	1	1	1	1	1	1	0	0	0	0	1
1	1	0	0	0	0	0	0	0	0	1	1	1	1	0	1	1	0	1	0	0	1	1	0	0
1	1	0	1	0	0	0	0	0	1	1	1	1	1	1	1	1	0	1	0	0	0	1	0	0
1	1	0	1	0	1	0	0	0	1	1	1	0	0	1	0	1	0	1	0	0	0	0	0	0
1	1	0	0	0	0	0	1	0	0	0	1	1	1	1	1	1	0	1	1	1	0	1	1	1
1	1	0	1	0	1	0	1	1	1	1	1	1	1	1	1	1	1	1	1	1	1	1	0	1
1	1	0	1	1	1	1	1	1	1	1	1	1	1	1	1	1	1	1	1	1	1	1	0	1
1	1	0	0	0	1	0	0	0	1	0	1	1	1	0	1	1	1	1	0	1	0	0	0	0
1	1	0	1	0	0	0	0	0	1	0	0	1	0	0	0	0	0	0	0	0	0	0	0	0
1	1	1	0	0	0	0	0	0	0	0	0	0	0	0	0	0	0	0	0	0	0	0	0	0
1	1	0	0	0	0	0	0	0	0	0	1	0	1	1	1	1	0	1	1	0	0	0	1	0
1	1	0	0	0	0	0	1	0	0	1	1	1	1	1	1	1	1	1	1	0	0	0	0	1
1	1	0	0	1	0	1	1	0	0	1	1	1	1	1	1	1	0	1	1	1	0	0	1	1
1	1	0	0	1	0	1	1	0	0	1	0	1	0	0	0	0	0	0	0	0	0	0	1	0
1	1	0	0	0	1	0	1	0	1	1	1	1	1	1	0	1	1	1	1	1	1	1	1	1
1	1	0	0	0	1	0	1	0	0	1	1	1	1	1	0	1	1	1	1	1	0	1	1	1
1	1	1	1	1	1	1	1	1	1	1	1	1	1	1	1	1	1	0	1	1	1	1	1	1
1	1	1	0	1	1	0	0	1	0	0	0	1	1	0	0	0	1	0	1	0	0	0	0	0
1	1	1	0	0	0	0	0	1	0	1	0	1	0	0	0	0	0	0	1	0	0	0	0	0
1	1	1	0	0	0	0	1	0	0	1	1	1	1	1	1	1	0	1	1	1	0	0	0	0
1	1	0	0	0	0	0	0	0	0	0	0	0	0	0	0	0	0	0	0	0	0	0	0	0
1	1	0	0	0	0	0	0	0	0	1	1	0	1	1	1	1	0	1	1	0	0	0	0	0
1	1	0	0	0	0	0	0	0	0	1	1	0	1	1	1	1	1	1	1	1	1	1	1	1
1	1	0	1	0	0	0	0	0	1	1	1	1	1	1	1	1	1	1	1	1	1	1	1	1
1	1	0	1	0	1	0	0	0	1	1	1	0	0	1	1	1	1	1	1	1	1	1	0	1
1	1	0	0	0	1	0	1	0	0	1	1	1	1	1	1	1	1	1	1	0	0	1	0	0
1	1	0	1	0	0	1	1	0	1	1	1	1	1	1	0	1	1	0	0	1	0	1	1	1
1	1	1	1	1	1	1	1	0	1	1	0	1	0	0	1	1	1	1	0	1	1	1	1	1
1	1	0	0	0	0	0	0	1	1	1	0	1	1	1	1	1	1	0	1	1	0	1	0	0
1	1	0	0	0	0	0	0	1	1	1	0	1	1	1	0	1	1	0	1	1	0	1	0	0
1	1	0	1	0	1	0	1	0	1	0	1	1	1	1	0	1	1	1	1	0	0	0	0	0
1	1	0	0	0	1	0	0	0	0	0	0	0	0	0	0	0	0	0	0	0	0	0	0	0
1	1	0	0	0	0	0	0	0	0	1	0	1	1	1	0	0	1	1	1	1	1	1	1	1
1	1	0	0	0	0	0	0	1	0	0	1	0	1	1	1	1	0	1	1	1	0	0	0	1
1	1	1	0	0	0	0	0	1	0	1	1	1	1	1	1	1	0	1	1	1	0	0	1	1
1	1	1	0	0	0	0	0	1	0	1	1	1	0	0	0	1	0	1	0	1	0	0	1	0
1	1	0	0	0	1	0	1	0	0	0	1	1	1	1	1	1	1	1	1	0	0	0	0	1
1	1	1	1	1	0	1	1	1	1	1	1	1	1	1	1	1	0	1	1	1	0	1	1	1
1	1	1	1	1	1	1	1	0	1	1	0	1	0	0	1	1	1	1	0	1	1	1	1	1
1	1	0	0	0	0	0	0	0	1	0	0	0	0	1	0	0	0	0	0	0	0	0	0	0
1	1	1	1	0	0	0	1	0	0	1	0	1	0	1	0	0	0	0	0	0	0	0	0	0
1	1	1	0	0	1	0	1	1	0	1	1	1	1	1	0	1	1	1	1	0	0	0	0	0
1	1	0	0	0	1	0	1	0	0	1	1	1	1	1	0	1	1	1	1	0	0	0	0	0
1	1	0	0	1	0	0	1	0	0	1	0	0	1	0	0	0	0	0	0	0	0	0	0	0
1	1	1	0	0	0	0	0	0	0	1	0	1	1	1	1	0	1	1	1	1	1	1	1	1
1	1	0	0	0	0	0	0	0	0	0	1	0	1	1	1	1	0	1	1	0	0	0	0	1
1	1	0	1	0	0	0	0	0	1	1	1	1	1	1	1	1	0	1	1	0	0	0	0	1
1	1	0	1	0	1	0	0	0	1	1	1	0	0	1	0	1	0	0	0	0	0	0	0	0
1	1	0	0	0	0	1	1	0	1	0	1	0	1	1	1	1	0	1	1	1	0	0	0	1
1	1	1	1	0	1	0	1	0	1	1	1	1	1	1	1	1	1	1	1	0	1	1	0	1
1	1	1	1	1	1	1	1	1	1	1	1	1	1	0	1	1	1	1	1	1	1	1	0	1
1	1	0	1	0	0	0	1	0	1	1	1	1	1	1	0	1	0	0	0	0	0	0	0	0
1	1	0	1	0	1	0	1	1	1	1	1	1	1	1	1	1	1	1	1	1	0	1	0	0
1	1	0	0	0	1	0	1	0	0	0	1	1	1	1	1	1	1	1	1	1	0	0	0	0
1	1	0	0	0	1	0	1	0	0	1	1	1	1	1	0	1	1	1	1	0	0	0	0	0
1	1	0	0	0	1	0	0	0	0	1	0	0	0	0	0	0	0	0	0	0	0	0	0	0
1	1	0	0	0	0	0	0	0	0	0	1	0	1	0	1	1	0	0	0	1	0	0	1	0
1	1	0	0	0	0	0	0	0	0	1	0	0	1	1	0	0	0	1	1	0	1	1	1	1
1	1	1	0	0	0	0	0	1	1	1	0	1	1	1	1	1	1	1	1	1	1	1	1	1
1	1	1	0	0	0	0	0	1	1	1	0	0	0	0	1	0	1	0	1	0	0	0	1	0
1	1	0	0	0	0	0	0	0	0	0	1	0	1	1	1	1	0	1	1	0	0	1	0	1
1	1	1	0	0	1	0	1	1	1	1	1	1	1	1	1	1	1	1	1	1	1	0	1	1
1	1	1	1	1	1	1	0	1	0	1	1	1	1	1	1	1	1	1	1	1	1	0	1	1
1	1	0	1	1	1	0	0	0	1	0	0	0	1	0	0	0	0	0	0	0	0	0	0	0
1	1	1	0	1	1	1	1	0	1	1	1	1	1	1	0	1	1	1	1	1	0	0	0	0
1	1	0	0	0	1	1	1	0	1	0	1	1	1	1	0	1	1	1	1	0	0	0	0	1
1	1	1	0	0	0	1	1	0	1	0	1	0	0	1	0	1	0	1	1	1	1	1	1	1
1	1	0	0	0	1	0	0	0	0	1	0	0	0	0	0	0	0	0	0	0	0	0	0	0
1	1	0	0	0	0	0	0	0	0	1	1	0	0	0	1	0	0	1	1	0	0	0	0	0
1	1	1	1	0	0	0	1	0	1	1	1	1	1	1	1	1	0	1	1	1	0	0	0	1
1	1	1	1	0	0	0	1	1	1	1	1	1	1	1	1	1	1	1	1	1	0	0	0	1
1	1	1	1	0	0	0	1	0	1	1	1	1	1	1	1	1	0	1	1	1	0	0	0	0
1	1	0	0	0	0	0	0	0	0	1	1	0	1	1	1	1	1	1	1	0	1	1	0	1
1	1	1	1	0	1	0	1	0	1	1	1	1	1	1	1	1	1	1	1	0	1	1	0	1
1	1	0	1	1	1	1	0	0	1	1	1	1	1	1	1	1	1	1	1	1	0	1	0	1
1	1	0	0	1	0	1	1	0	1	1	1	1	1	1	0	1	0	1	0	1	0	0	0	0
1	1	1	1	0	1	0	1	0	1	1	1	1	1	1	0	1	1	1	1	0	0	0	0	0
1	1	0	0	0	1	0	0	0	0	0	1	1	1	1	0	1	1	1	1	0	0	1	0	0
1	1	0	0	0	0	1	1	0	1	0	0	1	1	0	0	1	0	1	0	1	0	1	0	0
1	1	0	0	0	1	0	0	0	0	1	0	0	0	0	0	0	0	0	0	0	0	0	0	0
1	1	0	0	0	0	0	0	0	0	1	0	1	1	0	0	0	1	0	1	0	0	0	1	0
1	1	1	0	0	1	0	1	0	1	1	1	1	1	1	0	1	1	1	1	0	0	0	0	0
1	1	1	0	0	1	1	1	0	1	1	1	1	1	1	1	1	1	1	1	0	0	0	1	0
1	1	1	0	0	1	0	1	0	1	1	1	1	1	1	0	1	1	1	1	0	0	0	0	0
1	1	0	0	0	0	0	0	0	0	1	0	0	1	1	1	1	1	1	1	1	1	1	1	1
1	1	1	0	0	0	1	1	1	1	1	1	1	1	1	1	1	1	1	1	1	1	1	1	1
1	1	1	1	1	1	1	1	1	1	1	1	1	1	1	1	1	1	1	1	1	0	1	0	1
1	1	1	1	0	1	0	0	0	1	0	0	0	1	0	0	0	0	0	0	0	0	0	0	0
1	1	1	0	0	1	0	1	0	1	1	1	1	1	1	0	1	1	1	1	1	0	0	0	0
1	1	0	0	0	1	0	0	0	0	0	1	1	1	1	0	1	1	1	1	0	1	0	0	1
1	1	0	0	0	0	0	0	1	0	0	1	0	1	1	0	0	0	0	1	0	1	0	0	1
1	1	0	0	0	0	0	0	0	0	0	0	0	0	0	0	0	0	0	0	0	0	0	0	0
1	1	0	0	0	0	0	0	0	1	1	1	0	0	1	1	1	1	1	1	1	1	1	1	1
1	1	1	0	0	1	0	1	0	1	1	1	1	1	1	1	1	1	1	1	0	0	0	1	0
1	1	1	0	0	1	1	1	0	1	1	1	1	1	1	1	1	1	1	1	0	1	0	1	1
1	1	1	0	0	1	0	1	0	1	1	1	1	1	1	0	1	1	1	1	0	0	0	1	0
1	1	0	0	0	0	0	0	0	0	1	0	1	0	1	0	0	0	0	1	0	1	0	0	1
1	1	1	1	0	0	1	1	0	1	1	1	1	1	1	1	1	0	1	1	1	0	1	0	1
1	1	1	1	1	1	1	1	0	1	1	1	1	1	1	1	1	0	1	1	1	0	1	0	1
1	1	1	0	0	0	0	0	1	1	1	1	1	1	1	0	1	0	1	0	1	0	0	0	0
1	1	1	1	0	1	1	1	0	1	1	1	1	1	1	0	1	0	1	1	1	1	1	1	1
1	1	0	0	0	0	1	1	0	1	0	1	0	0	0	0	0	0	1	0	1	1	0	0	1
1	1	0	0	0	0	0	0	1	0	0	1	0	1	1	0	0	0	0	1	0	1	0	0	1
1	1	0	0	0	0	0	0	0	0	0	0	0	0	0	0	0	0	0	0	0	0	0	0	0
1	1	0	0	0	0	0	0	0	1	0	1	0	0	0	1	0	0	0	0	1	1	0	0	0
1	1	1	0	0	1	0	1	0	1	1	1	1	1	1	1	1	1	1	1	1	0	1	0	1
1	1	1	0	0	1	0	1	0	1	1	1	1	1	1	1	1	1	1	1	0	0	1	0	1
1	1	1	0	0	1	0	1	0	1	1	1	1	1	1	0	1	1	1	1	0	0	0	0	1
1	1	0	0	0	0	0	0	0	0	1	1	1	1	1	1	1	0	0	0	0	0	0	0	0
1	1	1	0	0	1	0	1	1	1	1	1	1	1	1	0	1	1	1	1	1	1	1	1	1
1	1	1	1	1	1	1	1	0	1	1	1	1	1	1	1	1	1	1	1	1	1	1	1	1
1	1	1	1	0	1	0	1	0	1	1	1	1	1	1	1	1	0	1	1	1	0	0	0	0
1	1	1	0	0	0	1	1	1	1	1	0	1	1	0	1	1	1	1	1	1	0	1	0	0
1	1	1	0	0	0	1	1	1	1	1	0	0	0	0	1	1	1	0	1	0	1	1	0	1
1	1	0	0	0	0	1	1	0	0	0	0	0	0	0	0	0	0	0	0	0	1	1	0	1
1	1	0	0	0	0	0	0	1	0	0	1	0	1	1	0	0	0	0	1	0	1	0	0	1
1	1	0	0	0	0	0	0	0	0	0	0	0	0	0	0	0	0	0	0	0	0	0	0	0
1	1	0	0	0	1	0	0	0	0	1	0	0	0	1	1	0	1	1	1	0	0	0	1	0
1	1	1	0	0	0	1	1	0	1	1	1	1	1	1	1	1	1	1	1	1	1	1	1	1
1	1	1	0	1	0	1	1	1	1	1	1	1	0	1	1	1	1	1	1	1	1	1	1	1
1	1	1	0	0	0	1	1	1	1	1	1	0	0	1	0	1	1	1	1	1	1	1	1	1
1	1	0	1	0	0	0	0	0	0	0	0	0	0	0	1	0	0	1	0	1	1	1	0	1
1	1	1	0	0	1	0	1	1	1	1	1	1	1	1	0	1	1	1	1	1	1	1	0	1
1	1	1	0	1	1	1	1	1	1	1	1	1	1	1	1	1	1	1	1	0	0	1	0	1
1	1	1	0	0	1	0	1	1	1	1	1	1	1	1	1	1	1	1	1	1	0	0	0	0
1	1	0	0	0	0	0	1	1	0	1	1	1	1	1	1	1	0	1	1	1	1	0	0	1
1	1	1	1	0	0	0	1	0	0	1	1	1	1	1	1	1	0	1	1	1	1	0	0	1
1	1	0	0	0	0	0	0	0	0	1	0	1	0	1	1	0	0	0	0	0	1	0	0	1
1	1	0	1	1	0	0	1	0	0	1	0	1	0	1	1	0	0	1	0	1	0	1	1	1
1	1	0	0	0	0	0	0	0	0	0	0	0	0	0	0	0	0	0	0	0	0	0	0	0
1	1	0	0	0	0	0	0	0	0	1	1	1	1	0	1	1	1	0	0	1	0	1	0	1
1	1	0	0	0	0	1	1	0	1	1	1	1	1	1	1	1	1	1	0	1	0	1	0	1
1	1	0	0	1	1	1	1	0	1	1	1	1	1	1	1	1	1	1	0	1	1	1	0	1
1	1	0	0	0	0	1	1	0	1	1	0	1	1	1	0	1	1	1	0	1	0	1	0	1
1	1	0	0	0	0	0	0	0	0	0	0	0	0	0	0	0	1	0	0	1	0	1	0	1
1	1	1	0	0	1	0	1	1	1	1	1	1	1	1	0	1	1	1	1	1	1	1	0	1
1	1	1	1	1	1	1	1	1	1	1	1	1	1	1	1	1	1	1	1	0	1	1	0	1
1	1	1	1	0	1	0	1	0	1	1	1	1	1	1	1	1	1	1	1	1	0	0	0	0
1	1	0	0	0	1	0	0	1	0	0	1	1	1	1	1	1	1	1	1	1	1	0	0	1
1	1	0	0	0	1	0	1	1	0	0	1	1	1	1	0	1	1	1	1	0	1	0	0	1
1	1	1	1	0	1	0	1	0	0	1	1	1	1	1	0	1	1	1	1	1	1	1	0	1
1	1	0	1	0	0	0	0	0	0	0	0	0	0	0	0	0	0	1	0	1	1	1	0	1
1	1	0	1	0	0	0	1	1	1	0	0	0	1	0	1	0	0	1	0	1	0	1	0	1
1	1	0	0	0	0	0	0	0	0	0	0	0	0	0	0	0	0	0	0	0	0	0	1	0
1	1	0	0	0	0	0	0	0	0	1	1	1	1	0	1	1	1	0	0	1	0	1	0	1
1	1	0	0	0	0	0	1	1	0	1	1	1	1	1	1	0	0	0	1	1	1	0	0	1
1	1	0	0	0	0	0	1	1	0	0	1	1	1	1	0	1	1	0	1	1	1	1	0	1
1	1	0	0	0	1	0	1	1	0	0	1	0	1	1	0	0	0	0	1	0	1	1	0	1
1	1	0	0	1	0	0	0	0	0	1	1	0	0	1	1	1	1	1	1	1	1	1	1	1
1	1	1	1	1	0	1	1	0	1	1	1	1	1	1	1	1	0	1	1	1	1	1	1	1
1	1	1	1	1	1	1	1	1	1	1	1	1	1	1	1	1	0	1	1	1	1	1	1	1
1	1	1	0	0	1	0	1	0	1	1	1	1	1	1	0	1	1	1	1	0	0	0	0	0
1	1	0	0	0	1	0	0	1	0	0	1	1	1	1	0	1	1	1	1	0	1	0	0	1
1	1	0	0	0	1	0	1	1	0	0	1	1	1	1	0	1	1	1	1	0	1	0	0	1
1	1	1	0	0	1	0	1	0	0	1	1	1	1	1	0	1	1	1	1	1	1	1	0	1
1	1	0	0	0	0	0	0	0	0	0	0	0	0	0	0	0	0	0	0	1	1	1	0	1
1	1	0	0	0	0	0	0	1	0	0	1	0	1	1	0	0	1	0	0	1	0	1	0	1
1	1	0	0	0	0	0	0	0	0	0	0	0	0	0	0	0	0	0	0	0	0	0	0	0
1	1	0	0	0	0	0	0	0	1	1	1	1	1	0	1	1	1	0	1	1	0	1	1	1
1	1	0	0	1	0	0	1	1	0	1	1	1	1	1	1	0	0	0	1	1	1	0	0	1
1	1	0	0	1	0	1	1	1	0	1	1	1	1	1	0	0	0	0	1	1	1	1	0	1
1	1	0	0	1	1	1	1	1	0	1	1	1	1	1	1	0	1	0	1	0	1	1	1	1
1	1	0	0	0	0	0	0	0	0	0	0	0	0	0	0	0	0	0	0	1	1	1	0	1
1	1	0	1	0	0	1	1	1	1	0	1	1	1	1	1	1	0	1	1	1	0	1	0	1
1	1	1	1	1	1	1	1	1	1	1	1	1	1	1	0	1	1	1	1	1	1	1	0	1
1	1	0	1	0	1	1	1	0	1	1	1	1	1	1	1	1	1	1	1	1	1	1	1	1
1	1	1	0	0	1	1	1	1	1	1	1	1	1	1	1	1	1	1	1	1	1	1	1	1
1	1	1	0	0	1	1	1	0	1	1	1	1	1	1	0	1	1	1	1	1	1	1	1	1
1	1	0	1	1	1	1	1	0	1	1	1	1	1	1	1	1	1	1	1	1	0	1	1	1
1	1	0	1	1	1	0	1	0	1	1	1	1	1	1	1	1	1	1	1	1	0	1	1	1
1	1	1	1	0	1	0	1	0	0	1	1	1	1	1	1	1	1	1	1	1	0	1	1	1
1	1	0	0	0	0	0	1	0	0	1	0	1	0	1	1	0	0	0	0	1	0	1	1	1
1	1	0	0	0	0	0	0	1	0	0	1	0	1	1	0	0	1	0	0	1	0	1	0	1
1	1	0	0	0	0	0	0	0	0	0	0	0	0	0	0	0	0	0	0	0	0	0	0	0
1	1	0	0	0	1	0	1	1	1	1	1	1	0	1	1	1	1	1	1	0	0	0	0	0
1	1	0	0	0	1	1	1	1	0	1	1	1	1	1	1	1	1	0	1	1	1	0	0	1
1	1	0	0	0	1	1	0	1	0	1	1	1	1	1	1	0	0	0	1	1	1	1	0	1
1	1	0	0	0	1	0	0	1	0	1	1	0	1	1	1	1	0	0	1	0	1	1	0	1
1	1	0	0	0	0	0	0	0	0	1	1	0	1	0	1	1	0	0	1	0	0	0	0	0
1	1	0	0	0	0	0	0	1	0	0	1	0	1	1	0	1	1	1	1	1	1	1	0	1
1	1	1	1	1	1	1	1	1	1	1	1	1	1	1	1	1	1	1	1	1	1	1	1	1
1	1	1	0	1	1	1	1	1	1	1	1	1	1	1	1	1	1	1	1	1	1	1	1	1
1	1	1	0	0	1	1	1	1	1	1	1	1	1	1	1	1	1	1	1	1	1	1	0	1
1	1	1	0	0	1	1	1	0	1	1	1	1	1	1	0	1	1	1	1	1	0	1	0	1
1	1	0	1	0	1	0	1	1	1	0	1	1	1	1	1	1	1	1	1	1	0	1	0	1
1	1	0	1	0	0	1	1	1	1	0	1	0	1	0	1	0	0	1	0	1	0	1	0	1
1	1	1	1	0	0	1	1	1	1	0	1	0	0	1	1	1	0	1	1	1	1	1	1	1
1	1	0	1	0	0	0	0	1	0	0	0	0	0	0	0	0	0	1	0	1	0	1	0	1
1	1	0	0	0	0	0	0	1	0	0	1	0	1	1	0	0	1	0	0	1	0	1	0	1
1	1	0	0	0	0	0	0	0	0	0	0	0	0	0	0	0	0	0	0	0	0	0	0	0
1	1	0	0	1	1	1	1	1	1	1	1	1	1	1	1	1	1	0	0	1	1	1	1	1
1	1	0	1	1	1	1	1	0	0	1	1	1	1	1	1	0	1	1	0	1	1	1	1	1
1	1	0	1	1	1	0	1	0	1	1	1	1	1	1	1	1	0	1	1	1	0	1	1	1
1	1	0	1	1	1	0	1	0	0	1	1	1	1	1	1	1	0	1	1	1	0	1	1	1
1	1	0	0	0	0	0	0	0	0	0	1	0	1	1	0	1	0	1	1	0	0	1	0	0
1	1	0	0	0	0	0	0	1	0	0	1	0	1	1	0	1	1	1	1	1	1	1	0	1
1	1	0	1	0	1	0	1	1	1	1	1	1	1	1	1	1	1	1	1	1	1	1	1	1
1	1	0	1	1	1	1	1	1	1	1	1	1	1	1	1	1	1	1	1	1	1	1	1	1
1	1	0	0	0	1	1	1	0	0	1	1	1	1	1	1	1	1	1	1	1	1	1	0	1
1	1	1	0	0	0	1	1	1	1	1	1	1	1	1	1	1	1	1	1	1	1	1	1	1
1	1	1	0	0	0	1	1	1	1	1	1	0	1	1	0	1	0	1	1	1	1	1	1	1
1	1	0	0	0	0	1	1	1	1	0	1	0	1	1	0	0	1	0	0	1	1	1	1	1
1	1	0	0	0	0	0	0	1	0	0	1	0	1	1	0	0	1	0	0	1	0	1	0	1
1	1	0	0	0	0	1	1	0	1	1	1	1	1	0	1	1	0	1	0	1	0	1	0	1
1	1	0	0	0	0	0	0	0	0	1	1	0	1	0	1	1	0	0	0	1	0	1	0	1
1	1	0	1	0	1	0	1	0	0	1	1	0	1	0	1	1	0	0	0	1	1	0	1	1
1	1	0	0	0	0	0	0	0	0	0	0	0	0	0	0	0	0	0	0	0	0	0	0	0
1	1	0	0	0	1	0	0	0	1	1	1	1	1	1	1	1	1	0	1	1	0	1	0	1
1	1	1	1	0	1	0	1	1	1	1	1	0	1	1	1	1	0	1	1	1	0	1	1	1
1	1	1	1	1	1	0	1	1	1	1	1	0	1	1	1	0	1	1	1	1	0	1	1	1
1	1	1	1	0	1	0	1	1	1	1	1	0	1	1	1	1	0	1	1	1	0	1	0	1
1	1	0	0	0	0	0	0	0	0	0	1	0	1	1	0	1	0	1	1	0	0	1	0	0
1	1	0	0	0	0	0	0	1	0	0	1	0	1	1	0	1	1	1	1	1	1	1	0	1
1	1	1	0	0	0	1	1	1	1	1	1	1	1	1	1	1	1	1	1	1	1	1	1	1
1	1	1	0	1	0	1	1	1	1	1	1	1	1	1	1	1	1	1	1	1	1	1	1	1
1	1	1	0	1	0	1	1	1	1	1	1	1	1	1	1	1	1	1	1	1	1	1	1	1
1	1	1	0	1	0	1	1	1	1	1	1	1	1	1	1	1	1	1	1	1	1	1	1	1
1	1	0	0	0	0	1	1	1	1	0	1	1	1	1	0	1	0	1	1	1	1	1	0	1
1	1	0	0	0	0	0	0	1	0	0	1	0	1	1	0	0	1	0	0	1	1	1	0	1
1	1	0	0	0	0	0	0	1	0	0	1	0	1	1	0	0	1	0	0	1	1	1	0	1
1	1	0	0	0	0	0	0	1	0	0	1	0	1	1	0	1	0	1	1	1	1	1	0	1
1	1	0	0	0	0	0	0	0	0	0	1	0	1	1	0	1	0	1	1	1	0	1	0	1
1	1	0	0	0	1	0	1	0	0	0	1	0	1	1	0	1	0	1	1	0	0	1	0	0
1	1	0	0	0	0	0	0	0	0	0	0	0	0	0	0	0	0	0	0	0	0	0	0	0
1	1	0	0	0	1	0	0	0	1	1	1	1	1	1	1	1	1	0	1	1	0	1	0	1
1	1	0	0	0	1	0	1	1	1	1	1	0	1	1	1	1	1	0	1	1	0	1	1	1
1	1	0	0	1	0	1	1	1	0	1	1	1	1	1	1	1	1	1	0	1	1	1	0	1
1	1	0	0	0	0	1	1	1	0	0	1	0	1	1	0	0	1	1	0	1	1	1	0	1
1	1	0	0	0	0	0	0	0	1	0	1	1	1	1	0	1	0	1	1	0	0	1	1	0
1	1	0	1	1	1	0	1	0	0	1	1	1	1	1	1	1	0	1	1	1	1	1	1	1
1	1	0	1	1	0	1	1	1	1	1	1	1	1	1	1	1	1	1	1	1	0	1	1	1
1	1	0	0	0	1	1	1	1	1	1	1	1	1	1	1	1	1	1	1	1	1	1	1	0
1	1	0	1	1	1	1	1	1	1	1	1	1	1	1	1	0	1	1	1	1	1	1	0	1
1	1	0	1	1	1	1	1	1	1	1	1	1	1	1	1	0	1	1	1	1	1	1	1	1
1	1	0	0	0	0	0	0	1	0	0	1	0	1	1	0	0	0	0	1	0	1	0	0	1
1	1	0	0	0	0	0	0	1	0	0	1	0	1	1	0	0	1	0	0	1	1	1	0	1
1	1	0	0	0	0	0	0	1	0	0	1	0	1	1	0	0	1	0	0	1	1	1	0	1
1	1	0	0	0	0	0	0	1	0	0	1	0	1	1	0	1	0	1	1	1	1	1	0	1
1	1	0	0	0	0	0	0	0	0	0	1	0	1	1	0	1	0	1	1	1	0	1	0	1
1	1	0	0	0	1	0	1	0	0	0	1	0	1	1	0	1	0	1	1	0	0	1	0	0
1	1	0	0	0	0	0	0	0	0	0	0	0	0	0	0	0	0	0	0	0	0	0	0	0
1	1	0	0	0	1	1	1	0	1	1	1	1	1	1	1	1	0	0	1	0	0	0	0	0
1	1	0	0	0	1	0	0	1	0	1	1	0	1	1	1	1	1	0	1	1	0	1	0	1
1	1	0	0	1	0	1	0	1	0	1	1	1	1	1	1	1	1	1	1	1	0	1	0	1
1	1	0	0	0	0	1	0	1	0	0	1	0	1	1	1	0	1	1	1	1	0	1	0	1
1	1	0	0	0	1	0	0	0	0	1	1	0	1	1	1	1	0	1	1	0	0	1	1	0
1	1	1	1	0	1	0	1	1	1	0	1	0	1	1	1	1	0	1	1	1	0	1	0	1
1	1	0	1	0	0	1	1	1	1	1	1	0	1	1	1	1	1	1	1	1	1	1	1	1
1	1	0	1	0	1	1	1	1	1	1	1	1	1	1	1	1	1	1	1	1	1	1	1	1
1	1	1	0	1	1	1	1	0	1	1	1	1	1	1	1	1	1	1	1	1	1	1	1	1
1	1	1	1	1	0	1	1	1	1	1	1	1	1	1	1	1	1	1	1	1	1	1	1	1
1	1	0	1	1	0	0	1	1	0	1	1	1	1	1	1	0	0	1	1	1	1	1	1	1
1	1	0	1	0	1	0	1	0	0	1	1	1	1	1	1	1	0	0	0	1	1	0	1	1
1	1	0	1	0	1	0	1	0	0	1	1	0	1	0	1	1	0	0	1	1	1	0	1	1
1	1	0	1	0	0	0	1	1	0	1	1	0	1	1	1	1	1	1	1	1	1	1	0	1
1	1	0	0	0	0	0	0	0	0	1	1	0	1	1	1	1	0	1	1	1	0	0	0	1
1	1	0	0	0	1	0	1	0	0	0	1	0	1	1	0	1	0	1	1	0	0	1	0	0
1	1	0	0	0	0	0	0	0	0	0	0	0	0	0	0	0	0	0	0	0	0	0	0	0
1	1	1	1	1	1	1	1	1	0	1	1	1	1	1	1	1	0	1	1	0	1	1	0	0
1	1	1	1	1	1	1	1	1	0	1	1	0	1	0	0	0	0	1	0	0	1	1	0	0
1	1	1	1	1	1	1	1	1	1	1	1	1	1	1	0	0	1	1	1	1	1	1	0	1
1	1	0	0	1	1	1	1	1	1	1	1	1	1	1	1	1	1	0	1	1	0	1	1	1
1	1	0	0	0	1	1	1	1	1	1	1	0	1	1	0	0	1	0	0	1	0	1	1	1
1	1	0	0	0	0	0	0	1	0	1	0	1	1	0	1	1	1	0	0	0	0	1	1	1
1	1	0	0	0	1	0	1	1	0	0	1	0	1	1	0	1	1	1	1	1	0	1	0	1
1	1	0	0	0	0	0	0	1	1	0	1	1	1	1	1	1	1	0	1	1	1	1	1	1
1	1	0	0	1	1	1	1	1	1	1	0	1	1	1	1	1	1	1	1	1	1	1	1	1
1	1	0	1	1	1	1	1	1	1	0	1	1	1	1	1	1	1	1	1	1	1	1	1	1
1	1	1	1	1	1	1	1	1	1	1	1	1	1	1	1	1	1	1	1	1	1	1	1	1
1	1	1	1	0	0	0	1	1	1	1	1	1	1	1	1	0	0	1	1	1	1	1	0	1
1	1	0	1	0	1	0	1	0	0	0	1	0	1	1	0	1	0	1	1	1	1	1	0	1
1	1	0	0	0	1	0	1	0	0	1	1	1	1	1	1	1	0	1	1	1	0	1	0	0
1	1	0	1	1	1	0	1	0	0	1	1	1	1	1	1	1	1	1	1	1	0	1	1	1
1	1	0	0	0	0	0	0	0	0	0	1	0	1	1	0	1	0	1	1	0	0	0	0	1
1	1	0	0	0	1	0	1	0	0	0	1	0	1	1	0	1	0	1	1	0	0	1	0	0
1	1	0	0	0	0	0	0	0	0	0	0	0	0	0	0	0	0	0	0	0	0	0	0	0
1	1	1	1	1	1	1	0	1	0	1	1	1	1	1	1	1	0	1	1	0	0	1	0	1
1	1	1	1	1	1	0	0	0	0	1	1	0	0	1	1	0	0	1	1	0	0	1	0	1
1	1	1	1	1	1	1	1	1	0	1	1	0	1	0	1	1	0	1	1	1	1	1	1	1
1	1	1	1	0	1	1	1	1	0	1	1	1	1	1	1	1	1	1	1	1	1	1	1	1
1	1	0	1	0	1	1	1	0	0	1	1	0	1	0	1	1	0	1	1	1	1	1	1	1
1	1	0	0	0	0	0	0	1	0	1	0	1	1	0	1	1	1	0	0	0	0	1	0	1
1	1	0	0	0	1	0	1	1	0	0	1	0	1	1	0	1	1	1	1	1	0	1	0	1
1	1	0	0	1	1	0	0	1	0	1	1	1	1	1	1	1	1	1	1	1	1	1	1	1
1	1	1	0	1	1	1	0	1	1	1	1	1	0	1	1	1	1	1	1	1	1	1	1	1
1	1	1	0	0	1	1	1	1	1	1	1	1	1	1	1	1	1	1	1	1	1	1	1	1
1	1	1	1	1	1	1	1	1	1	1	1	1	1	1	1	1	1	1	1	1	0	1	1	1
1	1	0	1	1	0	0	1	1	0	1	1	1	1	1	1	0	1	1	0	1	0	1	1	1
1	1	0	0	0	1	0	1	0	0	1	1	1	1	1	1	1	0	1	1	1	0	1	0	1
1	1	0	1	0	1	0	1	0	0	0	1	0	1	1	0	1	0	1	1	1	0	1	0	1
1	1	0	1	0	1	0	1	1	1	0	1	0	1	1	1	1	1	1	1	1	0	1	1	1
1	1	0	0	0	0	0	0	0	0	0	1	0	1	1	0	1	0	1	1	0	0	0	1	1
1	1	0	0	0	0	0	0	0	0	1	0	0	0	1	0	0	0	0	0	0	0	1	0	0
1	1	0	0	0	0	0	0	0	0	0	0	0	0	0	0	0	0	0	0	0	0	0	0	0
1	1	1	1	1	1	0	1	1	0	0	1	0	0	1	0	0	0	1	1	0	1	1	0	0
1	1	0	0	0	1	1	1	0	1	1	1	1	1	1	0	0	1	1	1	0	1	1	1	1
1	1	0	0	0	1	1	1	0	1	1	1	1	1	1	0	1	0	1	1	0	1	1	1	0
1	1	0	0	1	1	1	1	0	1	1	1	1	1	1	0	1	0	1	1	0	1	1	1	1
1	1	0	0	0	1	0	1	0	0	0	1	0	1	1	0	1	0	1	1	0	0	1	1	0
1	1	0	0	0	0	0	0	1	0	1	0	1	1	0	1	1	1	0	0	0	0	1	0	1
1	1	0	0	0	1	0	1	1	0	0	1	0	1	1	0	1	1	1	1	1	0	1	0	1
1	1	0	1	1	1	1	1	1	1	1	1	1	1	1	1	1	1	1	0	1	0	1	1	1
1	1	0	1	1	1	1	1	1	1	1	1	1	1	1	1	1	1	1	1	1	1	1	1	1
1	1	0	1	1	1	1	0	1	1	1	1	1	1	1	1	1	1	1	1	1	0	1	1	1
1	1	0	1	1	1	1	1	1	1	0	1	1	1	1	1	1	1	1	1	1	0	1	1	1
1	1	0	1	0	0	0	1	1	1	0	1	0	1	1	1	0	1	1	0	1	0	1	0	1
1	1	0	1	0	1	0	1	0	0	0	1	0	1	1	0	1	0	1	1	1	0	1	0	1
1	1	0	0	0	1	0	1	0	0	0	1	0	1	1	0	1	0	1	1	1	0	1	0	1
1	1	0	0	0	1	0	0	1	0	0	1	0	1	1	1	1	1	1	1	1	0	1	1	1
1	1	0	0	0	0	0	0	0	0	0	1	0	1	1	0	1	0	1	1	0	0	0	0	0
1	1	0	0	0	0	0	0	0	1	0	1	0	1	0	0	0	0	0	0	0	0	0	1	1
1	1	0	0	0	0	0	0	0	0	0	0	0	0	0	0	0	0	0	0	0	0	0	0	0
1	1	1	1	1	1	1	0	1	0	0	0	0	0	1	1	0	0	1	1	0	0	1	0	1
1	1	1	1	1	1	0	0	0	0	1	1	0	0	1	1	0	0	1	1	0	0	1	0	1
1	1	1	1	1	1	1	1	1	0	0	1	0	1	1	1	1	0	1	1	0	0	1	0	1
1	1	0	0	0	1	1	1	1	1	1	1	0	1	1	1	1	0	1	1	0	0	1	0	1
1	1	0	0	0	1	1	1	0	0	0	1	0	1	1	1	1	0	1	1	0	0	1	0	1
1	1	0	0	0	0	0	0	0	0	0	1	1	0	0	1	1	1	0	0	0	0	0	0	0
1	1	0	1	0	1	0	1	0	0	1	1	0	1	1	1	1	0	1	1	1	1	1	1	1
1	1	0	1	1	1	0	1	1	1	1	1	1	1	0	1	1	1	1	1	1	1	1	1	1
1	1	1	1	1	1	1	1	1	1	1	1	1	1	1	1	1	1	1	1	1	0	1	1	1
1	1	0	1	1	1	1	0	1	1	1	1	1	1	1	1	1	1	1	1	1	1	1	1	1
1	1	0	0	1	1	1	0	1	1	1	1	1	1	1	1	1	1	1	1	1	1	1	1	1
1	1	0	0	0	0	0	0	1	0	0	1	0	1	1	0	0	1	0	0	1	0	1	0	1
1	1	0	0	0	1	0	1	0	0	0	1	0	1	1	0	1	0	1	1	1	0	1	0	1
1	1	0	0	0	1	0	1	0	0	0	1	0	1	1	0	1	0	1	1	1	0	1	0	1
1	1	0	0	0	1	0	0	1	0	0	1	0	1	1	1	1	1	1	1	1	0	1	1	1
1	1	0	0	0	0	0	0	0	0	0	1	0	1	1	0	1	0	1	1	0	0	0	0	0
1	1	0	0	0	0	0	1	0	0	0	0	0	0	0	0	0	0	0	0	0	0	0	0	0
1	1	0	0	0	0	0	0	0	0	0	0	0	0	0	0	0	0	0	0	0	0	0	0	0
1	1	0	0	0	1	0	1	0	1	1	1	0	1	0	0	0	0	0	1	0	0	1	1	1
1	1	0	0	0	0	0	0	0	1	1	1	1	0	0	0	1	1	0	0	0	1	1	1	0
1	1	0	0	0	1	0	1	0	0	0	1	0	1	1	1	1	1	1	1	1	0	1	1	0
1	1	0	0	0	1	0	1	0	1	1	1	0	1	1	1	1	0	1	1	1	0	1	1	1
1	1	0	0	0	1	0	1	0	0	0	1	0	1	1	0	1	0	1	1	0	0	1	1	0
1	1	0	0	1	0	0	0	0	0	1	0	0	1	0	0	0	1	0	0	0	1	0	1	1
1	1	0	0	0	1	0	1	0	0	0	1	0	1	1	0	1	0	1	1	1	0	1	0	1
1	1	0	0	1	1	1	1	1	1	1	1	1	1	1	1	1	1	1	1	1	0	1	1	1
1	1	0	1	1	1	1	0	1	1	1	1	1	1	1	1	1	1	1	1	1	0	1	1	1
1	1	0	1	1	1	0	0	1	1	1	1	1	1	0	1	1	1	1	1	1	0	1	1	1
1	1	0	1	1	1	0	1	1	1	1	1	1	1	1	1	1	1	1	1	1	1	1	1	1
1	1	0	1	0	1	0	1	1	0	1	1	0	1	1	1	1	1	0	0	1	1	1	1	1
1	1	0	0	0	0	0	0	0	0	1	1	0	1	0	1	1	0	0	0	1	0	1	0	1
1	1	0	0	0	0	0	1	0	0	1	0	0	0	0	1	1	0	1	0	1	1	1	1	1
1	1	1	0	1	0	1	0	1	0	1	1	0	1	1	1	1	1	1	1	1	1	1	1	1
1	1	1	0	1	1	1	0	0	0	1	0	0	1	1	1	1	0	1	1	0	1	1	1	1
1	1	0	0	0	0	0	0	0	0	0	0	1	0	0	0	0	0	0	0	0	0	0	0	0
1	1	0	0	0	0	0	0	0	0	0	0	0	0	0	0	0	0	0	0	0	0	0	0	0
1	1	1	1	1	1	1	0	1	0	0	0	0	0	0	1	0	0	1	1	0	0	1	0	1
1	1	1	1	1	1	0	0	0	0	0	0	0	0	0	1	0	0	1	1	0	0	1	0	1
1	1	1	1	1	1	1	1	1	0	0	1	0	1	1	1	1	0	1	1	0	0	1	0	1
1	1	0	0	0	1	1	1	1	1	1	1	0	1	1	1	1	0	1	1	0	0	1	0	1
1	1	0	0	0	1	1	1	0	0	0	1	0	1	1	1	1	0	1	1	0	0	1	0	1
1	1	0	0	0	1	0	0	0	0	1	0	0	0	0	0	0	0	1	1	0	0	0	0	0
1	1	0	0	0	1	0	1	1	1	0	1	1	1	1	1	1	1	1	1	0	0	1	0	0
1	1	0	0	0	1	1	1	1	1	0	1	1	1	1	1	1	1	1	1	1	0	1	1	1
1	1	1	1	1	1	1	1	1	1	1	1	1	1	1	1	1	1	1	1	1	0	1	1	1
1	1	1	1	1	1	1	1	1	1	1	1	1	1	1	1	1	1	1	1	1	0	1	1	1
1	1	0	1	1	1	1	1	1	1	1	1	1	1	1	1	1	1	1	1	1	0	1	1	1
1	1	0	0	0	1	0	1	1	0	1	1	0	1	1	1	1	1	1	1	1	0	1	0	1
1	1	0	0	0	0	0	0	0	0	0	1	0	1	1	0	1	0	1	1	1	0	1	0	1
1	1	0	0	0	0	0	0	0	0	1	1	0	1	0	1	1	0	0	0	0	0	0	0	1
1	1	0	1	0	1	0	1	0	0	1	1	0	1	0	1	1	0	0	0	1	1	0	1	1
1	1	0	0	0	1	1	0	0	0	0	1	0	0	0	0	0	0	1	0	1	0	0	0	1
1	1	0	0	0	0	0	0	0	0	0	0	0	0	1	0	0	0	0	0	0	0	0	0	0
1	0	0	0	0	0	0	0	0	0	0	0	0	0	0	0	0	0	0	0	0	0	0	0	0
1	1	0	0	0	1	1	1	0	1	1	1	1	1	1	0	1	1	0	1	0	0	1	1	0
1	1	0	0	0	1	1	1	0	1	1	1	1	1	0	1	0	1	1	1	1	0	1	1	1
1	1	1	0	1	0	1	1	0	1	1	1	0	1	1	1	1	1	1	1	0	1	1	1	1
1	1	1	0	1	1	1	1	1	0	1	1	0	1	1	1	1	0	1	1	0	1	1	1	1
1	1	1	0	1	1	1	1	0	0	1	1	0	1	1	1	1	0	1	1	0	1	1	1	1
1	1	0	0	0	1	0	0	0	0	1	0	0	0	0	0	0	0	0	1	0	0	0	0	0
1	1	0	0	0	1	0	1	0	0	0	1	1	1	1	0	1	1	1	1	1	0	1	1	0
1	1	0	0	1	1	0	1	0	0	1	1	0	1	1	0	1	1	1	1	1	0	1	1	1
1	1	0	1	1	1	1	1	1	1	1	1	1	1	1	1	1	1	1	1	1	1	1	1	1
1	1	0	1	1	0	1	1	1	0	1	1	1	1	1	1	1	1	1	1	1	1	1	1	1
1	1	0	1	1	1	0	1	1	0	1	1	1	1	1	1	1	1	1	1	1	1	1	1	1
1	1	0	1	0	1	0	1	0	0	1	1	0	1	1	1	1	0	1	1	1	1	1	1	1
1	1	0	0	0	0	0	1	0	0	1	1	0	1	1	1	1	0	1	1	0	0	0	0	0
1	1	0	0	0	0	0	1	1	0	0	1	0	1	1	0	1	0	1	1	0	0	0	0	0
1	1	0	0	0	1	0	1	1	0	0	1	0	1	1	0	1	0	1	1	0	0	1	0	0
1	0	0	0	0	0	0	1	1	1	0	0	1	0	1	1	0	1	0	0	0	1	0	0	0
1	1	0	0	0	0	0	0	0	0	0	0	0	0	0	0	0	0	1	0	0	0	0	0	0
1	1	0	0	0	0	0	0	0	0	0	0	0	0	0	0	0	0	0	0	0	0	0	0	0
1	1	1	1	1	1	1	0	1	0	0	0	0	0	0	1	0	0	1	1	0	0	1	0	1
1	1	1	1	1	1	0	0	0	0	0	0	0	0	0	1	0	0	1	1	0	0	1	0	1
1	1	1	1	1	1	1	0	1	0	0	1	0	0	1	1	1	0	1	1	1	0	1	0	1
1	1	0	1	0	1	1	0	1	0	0	1	0	1	1	1	1	0	1	1	1	1	1	0	1
1	1	0	1	0	1	1	0	1	0	1	1	0	1	1	1	1	1	1	1	1	1	1	0	1
1	1	0	0	0	1	0	0	0	0	1	0	0	0	0	0	0	0	0	1	0	0	0	0	0
1	1	1	0	1	1	1	1	1	1	1	1	0	1	1	1	1	0	1	1	1	1	1	1	1
1	1	1	0	1	0	1	1	0	0	1	0	0	1	1	1	1	0	1	1	1	1	1	1	1
1	1	0	0	0	1	0	1	0	0	0	1	0	1	1	0	1	0	1	1	1	1	1	1	0
1	1	0	1	1	1	0	1	0	0	1	1	0	1	1	1	1	0	1	1	1	1	1	1	1
1	1	0	0	1	1	1	1	0	1	1	1	1	1	1	1	1	1	1	1	1	0	1	1	0
1	1	1	1	1	1	1	1	1	1	1	1	1	1	1	1	1	1	1	1	1	0	1	1	1
1	1	1	1	1	1	1	1	1	1	1	1	1	1	1	1	1	1	1	1	1	0	1	1	1
1	1	0	0	0	1	0	1	0	0	0	1	0	1	1	0	1	0	1	1	0	0	1	0	0
1	1	0	0	0	0	0	0	0	0	0	1	1	1	1	0	1	0	1	1	0	0	0	0	0
1	1	0	0	0	0	0	0	0	0	0	1	1	1	1	0	1	0	1	1	0	0	0	1	0
1	1	0	0	0	1	0	1	0	0	0	1	1	1	1	0	1	0	1	1	0	0	1	1	0
1	1	0	0	0	0	0	0	0	0	0	0	1	0	1	0	1	0	0	0	1	0	0	1	0
1	1	0	0	0	0	0	0	0	0	0	0	0	0	0	0	0	0	0	0	0	0	0	0	0
1	1	0	0	0	0	0	0	0	0	0	0	0	0	0	0	0	0	0	0	0	0	0	0	0
1	1	0	0	0	0	0	0	0	0	0	0	1	0	0	0	1	0	0	1	1	1	1	1	0
1	1	0	0	0	1	0	0	0	0	0	0	1	0	0	0	1	1	0	1	1	1	1	1	0
1	1	0	0	0	0	0	1	1	1	0	1	1	0	1	1	0	1	0	1	1	0	1	0	1
1	1	1	1	1	1	1	1	1	1	1	1	1	1	1	1	1	1	1	1	1	1	1	1	1
1	1	0	1	0	1	1	1	1	1	1	1	1	1	1	1	1	1	1	1	1	1	1	1	1
1	1	0	0	0	0	0	1	1	0	0	0	0	0	0	0	0	0	0	0	0	0	0	0	0
1	1	0	1	0	1	1	1	1	0	1	1	0	0	0	0	1	0	1	0	1	1	1	0	1
1	1	0	1	0	1	1	0	0	0	1	1	0	1	1	1	1	1	1	1	1	1	1	1	1
1	1	1	0	1	1	1	1	1	0	1	1	0	1	1	1	1	1	1	1	0	1	1	1	1
1	1	1	0	1	1	1	1	1	0	1	1	1	1	1	1	1	1	1	1	1	1	1	1	1
1	1	0	1	1	1	1	1	1	1	1	1	1	1	1	1	1	1	1	1	1	1	1	1	1
1	1	0	1	1	1	1	1	1	1	1	1	1	1	1	1	1	1	1	1	1	1	1	1	1
1	1	1	1	1	1	1	1	1	1	1	1	1	1	1	1	1	1	1	1	1	1	1	1	1
1	1	0	0	0	1	0	1	0	0	0	1	0	1	1	0	1	0	1	1	0	0	1	0	0
1	1	0	0	0	0	0	0	0	0	0	1	0	1	1	0	1	0	1	1	0	0	0	0	0
1	1	0	0	0	0	0	0	0	0	0	1	0	1	1	0	1	0	1	1	0	1	0	0	0
1	1	0	0	0	1	0	1	0	0	0	1	0	1	1	0	1	0	1	1	0	1	1	0	0
1	0	0	0	0	0	0	0	0	0	0	0	0	0	1	0	1	0	1	0	1	1	0	0	0
1	1	0	0	0	0	0	0	0	0	0	0	0	0	0	0	0	0	0	0	0	0	0	0	0
1	1	0	0	0	0	0	0	0	0	0	0	0	0	0	0	0	0	0	0	0	0	0	0	0
1	1	1	1	1	1	1	1	1	1	1	1	1	1	1	1	1	1	1	1	1	1	1	0	1
1	1	1	1	1	1	1	1	1	1	1	1	1	0	1	1	1	1	1	1	1	1	1	0	1
1	1	0	1	1	1	1	1	1	1	1	1	1	1	1	1	1	1	1	1	1	1	1	1	1
1	1	0	0	0	0	1	0	1	1	0	1	1	1	1	1	1	1	1	1	1	0	1	1	1
1	1	0	1	0	1	1	0	1	1	1	1	1	1	1	1	1	1	1	1	1	1	1	1	1
1	1	0	1	0	1	1	0	1	0	1	1	0	0	1	1	1	1	1	1	1	1	1	1	1
1	1	0	0	0	0	0	0	0	0	0	0	0	0	0	0	0	0	0	0	0	0	0	0	1
1	1	0	0	0	0	1	1	1	1	0	0	1	0	1	1	0	1	1	1	0	0	1	0	1
1	1	0	0	0	0	0	1	1	1	0	1	1	1	1	1	1	1	1	1	1	0	0	0	0
1	1	0	1	0	1	1	0	0	0	1	1	0	0	1	0	1	1	1	1	1	0	0	1	1
1	1	0	1	1	1	1	0	1	0	1	1	1	1	1	1	1	1	1	1	1	0	1	0	1
1	1	0	1	1	1	1	1	1	1	1	1	1	1	1	1	1	1	1	1	1	0	1	0	1
1	1	0	1	1	1	1	1	1	1	1	1	0	1	1	1	1	1	1	1	1	1	1	1	1
1	1	1	1	1	1	1	1	1	1	1	1	1	1	1	1	1	1	1	1	1	1	1	1	1
1	1	0	0	0	1	0	1	0	0	1	1	0	1	1	0	1	0	1	1	0	1	1	1	1
1	1	0	0	0	0	0	0	0	0	0	1	0	1	1	0	1	0	1	1	0	0	0	0	0
1	1	0	0	0	0	0	0	0	0	0	1	0	1	1	0	1	0	1	1	0	0	0	0	0
1	1	0	0	0	1	0	1	0	0	0	1	0	1	1	0	1	0	1	1	0	0	1	0	0
1	1	0	0	0	0	0	0	0	0	0	1	0	0	1	1	0	1	1	1	0	1	0	1	1
1	1	0	0	0	0	0	0	0	0	0	0	0	0	0	0	0	0	0	0	0	0	0	0	0
1	1	0	0	0	0	0	0	0	0	0	0	0	0	0	0	0	0	0	0	0	0	0	0	0
1	1	1	1	1	1	1	1	1	1	1	1	1	1	1	1	1	1	1	1	1	1	1	1	1
1	1	1	1	1	1	1	1	1	1	1	1	1	0	1	1	1	1	1	1	1	1	1	1	1
1	1	0	1	1	1	1	1	1	1	1	1	1	1	1	1	1	1	1	1	1	1	1	1	1
1	1	0	1	0	1	0	0	1	0	0	1	1	1	1	1	1	1	1	1	1	1	1	1	1
1	1	0	1	0	1	1	0	1	0	1	1	0	1	1	1	1	1	1	1	1	1	1	1	1
1	1	0	1	0	1	1	0	1	0	1	1	0	0	1	1	1	1	1	1	1	1	1	1	1
1	1	0	0	0	1	1	1	0	1	1	1	1	1	0	0	0	1	1	1	0	1	1	1	1
1	1	1	1	1	1	1	1	1	1	1	1	1	1	1	1	1	1	1	1	1	1	1	1	1
1	1	0	0	0	0	0	0	0	1	1	1	1	1	1	0	1	1	1	1	1	0	1	1	1
1	1	0	0	0	0	0	1	1	1	0	1	1	0	1	1	1	1	0	0	1	0	0	0	1
1	1	0	0	1	1	1	1	1	1	1	1	1	1	1	1	1	1	1	1	1	1	1	0	1
1	1	0	1	1	1	1	1	1	1	1	1	1	1	1	1	1	1	1	1	1	1	1	0	1
1	1	0	1	1	1	1	1	1	1	1	1	1	1	1	1	1	1	1	1	1	1	1	1	1
1	1	1	1	1	1	1	1	1	1	1	1	1	1	1	1	1	1	1	1	1	1	1	1	1
1	1	1	0	1	1	1	1	0	0	1	1	0	1	1	0	1	0	1	1	1	0	1	0	1
1	1	0	0	0	0	0	0	0	0	0	1	0	1	1	0	1	0	1	1	0	0	0	0	0
1	1	1	0	1	1	1	0	0	0	1	1	0	1	1	0	1	0	0	0	0	1	1	1	1
1	1	1	0	1	1	1	1	0	0	1	1	0	1	1	0	1	0	1	1	1	1	1	1	1
1	1	0	0	0	0	0	0	0	0	0	0	0	0	0	0	0	0	0	1	1	0	0	1	0
1	1	0	0	0	0	0	0	0	0	0	0	0	0	0	0	0	0	0	0	0	0	0	0	0
1	1	0	0	0	0	0	0	0	0	0	0	0	0	0	0	0	0	0	0	0	0	0	0	0
1	1	1	1	1	1	1	1	1	1	1	1	1	1	1	1	1	1	1	1	1	1	1	1	1
1	1	1	1	1	1	1	1	1	1	1	1	1	0	1	1	1	1	1	1	1	1	1	1	1
1	1	0	1	1	1	1	1	1	1	1	1	1	1	1	1	1	1	1	1	1	1	1	1	1
1	1	0	0	0	0	1	0	1	0	0	1	0	1	1	1	1	1	1	1	1	1	1	1	1
1	1	0	1	0	1	1	0	1	0	1	1	0	1	1	1	1	1	1	1	1	1	1	1	1
1	1	0	1	0	1	1	0	1	0	1	1	0	0	1	1	1	1	1	1	1	1	1	1	1
1	1	0	0	0	0	0	0	0	0	0	0	0	0	0	0	0	0	0	0	0	0	0	0	1
1	1	0	0	0	0	1	0	1	0	0	1	0	0	1	1	1	0	1	1	1	1	1	1	1
1	1	0	0	0	0	0	0	0	0	0	1	0	1	1	0	1	0	1	1	1	1	0	1	0
1	1	0	0	0	0	0	1	0	1	1	0	1	1	1	0	1	1	0	0	1	0	1	1	1
1	1	0	0	0	1	1	0	1	1	0	1	1	1	1	1	1	1	1	1	1	0	1	1	1
1	1	1	1	1	1	1	1	1	1	1	1	1	1	1	1	1	1	1	1	0	0	1	1	1
1	1	0	0	1	1	1	1	0	1	1	1	0	1	1	1	1	1	1	1	1	1	1	1	1
1	1	1	1	1	1	1	1	1	1	1	1	1	1	1	1	1	1	1	1	1	1	1	1	1
1	1	1	0	1	1	1	1	1	1	1	1	1	1	1	1	1	1	1	1	0	1	1	1	1
1	1	0	0	0	0	0	0	0	0	0	0	0	0	0	0	0	0	0	0	0	0	0	0	0
1	1	0	1	0	1	1	0	0	0	0	1	0	0	0	0	1	0	1	0	0	0	0	0	1
1	1	0	1	1	1	1	0	0	0	0	1	0	0	0	0	1	0	1	0	1	0	0	0	1
1	1	0	1	1	1	0	0	0	0	0	1	0	0	0	0	0	0	0	0	0	0	0	0	0
1	1	0	0	0	0	0	0	0	0	0	0	0	0	0	0	0	0	1	0	0	0	0	0	0
1	1	0	0	0	0	0	0	0	0	0	0	0	0	0	0	0	0	0	0	0	0	0	0	0
1	1	1	1	1	1	1	1	1	1	1	1	1	1	1	1	1	1	1	1	1	1	1	1	1
1	1	1	1	1	1	1	1	1	1	1	1	1	0	1	1	1	1	1	1	1	1	1	1	1
1	1	0	1	1	1	1	1	1	1	1	1	1	1	1	1	1	1	1	1	1	1	1	1	1
1	1	1	1	0	1	0	1	0	1	1	1	0	1	0	1	1	1	1	1	1	1	0	1	1
1	1	1	1	1	1	1	1	0	1	1	1	0	1	0	1	1	1	1	1	1	1	0	1	1
1	1	1	1	1	1	1	0	0	1	0	1	0	1	0	1	0	0	1	0	1	1	0	1	1
1	1	1	1	0	0	1	0	0	0	0	0	1	0	0	0	1	1	0	1	1	1	1	1	0
1	1	1	1	0	1	1	0	1	0	0	1	1	1	1	1	1	1	1	1	1	1	1	1	1
1	1	0	0	0	0	0	0	0	0	0	1	0	1	1	1	1	1	1	1	0	1	1	1	1
1	1	0	0	0	0	0	1	0	0	1	1	1	1	1	0	1	0	1	0	1	1	0	1	1
1	1	0	1	1	1	0	0	0	1	1	1	1	1	1	1	1	1	1	1	1	1	1	1	1
1	1	1	1	1	1	1	1	1	1	1	1	1	1	1	1	1	1	1	1	1	1	1	1	1
1	1	1	1	1	1	1	1	1	1	1	1	1	1	1	1	1	1	1	1	1	1	1	1	1
1	1	1	1	1	1	1	1	1	1	1	1	1	1	1	1	1	1	1	1	1	1	1	1	1
1	1	0	1	0	1	1	1	1	0	0	1	1	0	1	0	1	0	1	0	1	0	1	1	1
1	1	0	0	0	0	0	0	0	0	0	0	0	0	0	0	0	0	0	0	0	0	0	0	0
1	1	0	0	0	0	0	1	1	1	0	0	1	0	1	1	0	1	0	0	0	0	0	0	0
1	1	0	1	0	0	0	1	1	1	0	0	1	0	1	1	0	1	0	0	0	0	0	0	0
1	1	1	1	1	0	0	0	0	0	1	0	0	0	0	0	0	0	0	0	0	0	0	0	0
1	1	0	0	0	0	0	0	0	0	0	0	0	0	0	0	0	0	0	0	0	0	0	0	0
1	1	0	0	0	0	0	0	0	0	0	0	0	0	0	0	0	0	0	0	0	0	0	0	0
1	1	1	1	1	1	1	1	1	1	1	1	1	1	1	1	1	1	1	1	1	1	1	1	1
1	1	1	1	1	1	1	1	1	1	1	1	1	0	1	1	1	1	1	1	1	1	1	1	1
1	1	0	1	1	1	1	1	1	1	1	1	1	1	1	1	1	1	1	1	1	1	1	1	1
1	1	0	1	1	1	1	0	1	0	0	1	0	0	1	1	0	0	1	1	0	0	1	0	1
1	1	0	1	1	1	0	0	1	0	0	1	0	0	1	0	0	0	0	0	0	0	0	0	1
1	1	0	0	0	0	0	0	0	0	0	0	0	0	0	0	0	0	0	0	0	0	0	0	0
1	1	0	0	0	0	0	0	0	0	0	0	0	0	0	0	0	0	0	0	0	0	0	0	1
1	1	0	0	0	0	1	0	1	0	1	0	0	0	0	1	1	1	1	1	1	0	1	1	1
1	1	0	0	0	0	0	0	0	0	1	1	0	1	1	0	1	1	1	1	1	1	1	1	1
1	1	0	0	0	1	1	0	0	0	0	1	1	1	1	1	1	1	1	1	1	1	1	1	1
1	1	0	0	0	1	1	0	1	1	0	1	0	1	1	1	0	1	1	1	1	1	1	1	1
1	1	1	1	1	1	1	1	1	1	1	1	1	1	1	1	1	1	1	1	1	1	1	1	1
1	1	1	1	1	1	1	1	1	1	1	1	0	1	1	1	1	0	1	1	1	0	1	0	1
1	1	1	1	1	1	1	1	1	1	1	1	1	1	1	1	1	1	1	1	1	1	1	1	1
1	1	0	0	0	0	0	1	1	1	0	0	1	0	1	1	1	1	1	0	1	1	0	1	0
1	1	0	0	0	0	0	0	0	0	0	0	0	0	0	0	0	0	0	0	0	0	0	0	0
1	1	0	0	0	0	0	0	0	1	0	0	1	0	1	0	1	1	0	0	1	0	1	1	0
1	1	0	1	0	0	0	0	0	1	0	0	1	0	1	0	1	1	0	0	1	0	1	1	0
1	1	1	1	1	0	0	0	0	0	1	0	0	0	0	0	0	0	0	0	0	0	0	0	0
1	1	0	0	0	0	0	0	0	0	0	0	1	0	0	0	0	0	0	0	0	0	0	0	0
1	1	0	0	0	0	0	0	0	0	0	0	0	0	0	0	0	0	0	0	0	0	0	0	0
1	1	1	1	1	1	1	1	1	1	1	1	1	1	1	1	1	1	1	1	1	1	1	1	1
1	1	1	1	1	1	1	0	0	1	0	1	0	1	0	1	0	0	1	1	1	1	0	1	1
1	1	1	1	1	0	0	1	0	1	1	1	0	1	0	1	0	0	1	0	1	1	0	1	1
1	1	1	1	1	1	0	1	0	0	1	0	0	1	0	0	0	1	1	1	0	1	1	0	1
1	1	1	1	1	0	0	1	0	0	1	0	0	1	0	0	0	0	0	0	0	0	1	0	1
1	1	0	0	0	0	0	0	0	0	0	0	0	0	0	0	0	0	0	0	0	0	0	0	0
1	1	1	1	0	0	1	0	0	0	0	1	0	0	0	1	0	0	0	1	1	0	0	1	0
1	1	1	1	1	1	1	0	1	1	0	1	0	0	1	1	1	1	0	1	1	0	0	1	1
1	1	0	1	1	1	0	0	1	0	0	1	0	1	1	0	1	0	1	1	1	0	0	0	1
1	1	0	0	1	1	0	1	1	0	1	1	0	1	1	0	1	1	1	1	1	1	0	1	1
1	1	0	0	0	1	0	1	1	1	1	0	1	0	0	1	1	0	0	1	1	1	1	1	0
1	1	1	1	1	1	1	1	1	1	1	1	1	1	1	1	1	1	1	1	1	1	1	1	1
1	1	1	1	1	1	1	1	1	1	1	1	1	1	1	1	1	1	1	1	1	1	1	1	1
1	1	1	1	1	1	1	1	1	1	1	1	1	1	1	1	1	1	1	1	1	1	1	1	1
1	1	0	0	0	0	0	0	0	1	1	1	1	1	1	1	1	1	1	1	1	1	1	1	1
1	1	0	0	0	0	0	0	0	0	0	0	0	0	0	0	0	0	1	0	0	0	0	0	0
1	1	0	0	0	0	0	0	0	0	0	1	0	0	1	0	1	0	1	0	1	1	0	1	1
1	1	0	0	0	0	0	0	0	0	0	1	0	0	1	0	1	0	1	0	1	1	0	1	1
1	1	0	1	0	0	0	0	0	0	0	1	0	0	1	1	0	0	1	0	1	1	0	1	1
1	1	0	0	0	0	0	0	0	0	0	0	1	0	0	0	0	0	0	0	0	0	0	0	0
1	1	0	0	0	0	0	0	0	0	0	0	0	0	0	0	0	0	0	0	0	0	0	0	0
1	1	1	1	1	1	1	1	1	1	1	1	1	0	1	1	1	1	1	1	1	1	1	1	1
1	0	0	0	0	0	0	0	0	0	0	0	0	0	0	0	0	0	0	1	0	0	0	0	0
1	1	1	1	1	0	0	1	0	0	1	0	0	1	0	0	0	0	0	0	0	0	0	0	1
1	1	1	1	1	1	1	1	1	0	1	1	0	1	1	1	1	1	1	1	1	1	1	0	1
1	0	1	1	1	0	0	1	0	0	1	0	0	1	0	0	0	0	0	0	0	0	0	0	1
1	1	0	0	0	0	0	0	0	0	0	0	0	0	0	0	0	0	0	0	0	0	0	0	0
1	1	0	0	0	0	0	0	0	0	0	0	0	0	0	0	0	0	0	0	0	0	0	0	1
1	1	1	1	1	0	1	1	1	0	1	0	0	1	0	1	0	0	1	1	0	0	1	0	1
1	1	1	1	1	0	0	1	1	1	1	0	1	1	1	1	1	1	0	1	1	0	0	1	1
1	1	1	1	1	1	0	1	1	1	0	1	1	0	1	1	1	1	1	1	1	1	1	1	1
1	1	0	1	1	1	1	0	1	1	0	1	1	0	1	1	1	0	1	1	0	0	1	0	1
1	1	1	1	1	1	1	1	1	1	1	1	1	1	1	1	1	1	1	1	1	1	1	1	1
1	1	1	1	1	1	1	0	1	1	0	0	1	0	0	1	1	0	1	1	1	0	1	1	1
1	1	1	1	1	1	1	0	1	0	0	1	0	0	1	1	1	0	1	1	1	1	1	1	1
1	1	0	0	0	0	0	0	0	0	0	1	0	0	1	0	1	0	1	1	1	1	0	1	0
1	1	0	0	0	0	0	0	0	0	0	0	0	0	0	0	0	0	0	0	0	0	0	0	0
1	1	0	0	0	0	0	1	0	0	0	1	0	0	1	1	0	1	1	1	0	1	1	1	1
1	1	0	0	0	0	0	1	1	0	0	1	0	1	1	1	0	1	1	1	0	1	1	1	1
1	1	1	1	0	1	0	1	1	0	0	1	0	1	1	0	1	0	0	1	1	1	0	0	1
1	1	0	0	0	0	0	0	0	0	0	0	1	0	0	0	0	0	0	0	0	0	0	0	0
1	1	0	0	0	0	0	0	0	0	0	0	0	0	0	0	0	0	0	0	0	0	0	0	0
1	1	1	1	1	1	1	0	0	1	0	1	0	1	0	1	0	0	1	0	1	1	0	1	1
1	1	0	0	0	0	0	0	0	0	0	0	0	0	0	0	0	0	0	1	0	0	0	0	0
1	1	0	1	0	0	1	1	1	0	1	1	0	0	1	1	0	0	1	1	1	1	0	1	1
1	1	0	1	0	1	1	1	1	0	1	1	0	1	1	1	1	1	1	1	1	1	1	1	1
1	1	0	1	0	0	1	1	0	0	1	1	0	0	1	1	0	0	1	0	1	1	0	1	1
1	1	0	0	0	0	0	0	0	0	0	0	0	0	0	0	0	0	0	0	0	0	0	0	0
1	1	1	1	0	1	1	1	0	0	1	0	0	1	0	0	0	1	0	0	0	1	1	0	0
1	1	1	1	1	1	1	1	0	0	1	0	0	1	0	0	0	1	1	1	0	1	1	0	1
1	1	1	1	1	0	0	1	0	1	1	0	1	1	1	1	1	0	0	1	1	0	1	1	1
1	1	1	1	1	1	0	1	0	1	1	0	1	1	1	1	1	1	1	1	1	1	1	1	1
1	1	1	1	1	0	1	1	1	0	1	1	0	1	1	1	0	0	1	1	0	1	1	0	1
1	1	1	1	1	1	1	1	1	1	1	1	1	0	1	1	1	1	1	1	1	1	1	1	1
1	1	1	1	1	1	1	1	1	1	1	1	1	1	1	1	1	1	1	1	1	1	1	1	1
1	1	1	1	1	1	1	1	1	1	1	1	1	1	1	1	1	1	1	1	1	1	1	1	1
1	1	0	1	0	1	0	0	1	1	1	1	0	1	1	1	0	1	1	1	0	1	1	1	1
1	1	0	0	0	0	0	0	0	0	0	0	1	0	0	0	0	0	0	0	0	0	0	0	0
1	1	0	0	0	0	0	0	0	1	0	0	1	0	0	1	1	0	0	1	1	1	0	1	0
1	1	0	0	0	0	0	0	0	1	0	0	1	0	0	1	1	0	0	1	1	1	0	1	0
1	1	1	0	0	1	1	0	0	1	0	0	1	0	1	1	1	0	0	1	1	1	0	1	1
1	1	0	0	0	1	1	1	0	0	0	0	0	0	0	0	0	0	0	0	0	0	0	0	0
1	1	0	0	0	0	0	0	0	0	0	0	0	0	0	0	0	0	0	0	0	0	0	0	0
1	1	0	0	0	0	0	0	0	0	0	0	0	0	0	0	0	0	0	0	0	0	0	0	0
1	1	0	0	0	0	0	0	0	0	0	0	0	0	0	0	0	0	0	1	0	0	0	0	0
1	1	1	1	0	1	0	1	1	0	0	1	0	1	1	0	1	0	0	1	1	1	0	0	1
1	1	1	1	0	1	1	1	1	0	1	1	1	1	1	1	1	1	1	1	1	1	1	1	1
1	0	1	1	0	1	0	1	1	0	0	1	0	1	1	0	1	0	0	1	1	1	0	0	1
1	1	0	0	0	0	0	0	0	0	0	0	0	0	0	0	0	0	0	0	0	0	0	0	0
1	1	0	0	0	0	0	0	0	0	0	1	0	0	1	1	1	0	0	0	1	1	1	0	1
1	1	0	1	0	1	1	1	1	0	1	1	0	1	1	1	1	1	1	1	1	1	1	1	1
1	1	0	1	0	0	0	1	0	1	1	1	1	0	1	1	1	0	1	1	1	1	0	1	1
1	1	1	1	1	1	0	1	0	1	1	0	1	1	1	1	1	1	1	1	1	1	1	1	1
1	1	1	1	1	0	1	1	1	0	1	1	0	1	1	1	0	1	1	1	0	1	1	1	1
1	1	1	1	1	1	1	0	1	0	0	1	0	1	1	1	0	1	1	1	0	1	1	1	1
1	1	1	1	1	1	1	0	1	0	0	1	0	0	1	1	0	1	1	1	0	1	1	1	1
1	1	1	1	1	1	1	1	1	0	1	0	0	0	0	1	1	0	1	1	1	0	1	1	1
1	1	1	0	1	0	0	1	0	0	1	0	0	0	0	0	1	0	0	1	1	0	0	1	1
1	1	0	0	0	0	0	0	0	0	0	0	1	0	0	0	0	0	0	0	0	0	0	0	0
1	1	0	1	1	1	0	0	0	1	0	0	1	0	1	1	1	0	0	0	1	1	0	0	0
1	1	0	1	1	1	0	0	0	1	0	0	1	0	1	1	1	0	0	0	1	1	0	0	0
1	1	1	0	0	1	1	0	0	1	0	0	1	0	1	1	1	0	0	1	1	1	0	1	1
1	1	0	1	1	1	0	1	0	0	1	1	0	0	0	0	0	0	0	0	0	0	0	0	0
1	1	0	0	0	0	0	0	0	0	0	0	0	0	0	0	0	0	0	0	0	0	0	0	0
1	1	0	0	0	0	0	0	0	0	0	0	0	0	0	0	0	0	0	0	0	0	0	0	0
1	1	0	0	0	0	0	0	0	0	0	0	0	0	0	0	0	0	0	0	0	0	0	0	0
1	1	1	0	0	1	1	1	0	1	0	0	1	0	1	1	1	0	1	1	1	1	0	1	1
1	1	1	0	0	1	1	1	1	1	1	1	1	1	1	1	1	1	1	1	1	1	1	1	1
1	1	1	0	0	1	1	1	0	1	0	0	1	0	1	1	1	0	1	1	1	1	0	1	1
1	1	0	0	0	0	0	0	0	0	0	0	0	0	0	0	0	0	0	0	0	0	0	0	0
1	1	0	0	0	0	0	0	0	0	0	1	0	0	1	1	1	0	0	1	1	0	1	1	1
1	1	1	1	0	1	1	1	1	0	1	1	1	1	1	1	1	1	1	1	1	1	1	1	1
1	1	1	1	0	1	1	1	1	1	0	1	0	1	1	1	1	1	1	1	1	1	1	1	1
1	1	1	1	0	1	1	1	1	1	1	1	1	1	1	1	1	1	1	1	1	1	1	1	1
1	1	0	1	0	0	0	1	0	0	1	1	0	0	1	1	0	1	1	0	1	1	0	1	1
1	1	1	1	1	1	1	1	0	1	1	1	0	1	0	1	0	1	1	1	1	1	1	1	1
1	1	1	1	1	1	1	0	0	1	1	1	1	1	0	1	1	1	1	1	1	1	1	1	1
1	1	1	1	1	1	1	1	1	1	0	1	1	0	1	1	1	1	1	1	1	1	1	1	1
1	1	1	1	1	1	0	1	1	0	0	1	0	0	1	0	0	0	0	0	0	0	0	0	1
1	1	0	0	0	0	0	0	0	0	0	0	1	0	0	0	0	0	0	0	0	0	0	0	0
1	1	1	1	1	0	0	0	0	1	0	0	1	1	0	1	1	0	0	0	1	1	0	0	0
1	1	1	1	1	0	0	0	0	1	0	0	1	1	0	1	1	0	0	0	1	1	0	0	0
1	1	1	0	0	1	1	0	0	1	0	0	1	0	1	1	1	0	0	1	1	1	0	1	1
1	1	0	0	0	1	0	0	0	1	1	1	0	0	0	0	0	0	0	1	0	0	0	0	0
1	1	0	0	0	0	0	0	0	0	0	0	0	0	0	0	0	0	0	0	0	0	0	0	0
1	1	0	0	0	0	0	0	0	0	0	0	0	0	0	0	0	0	0	0	0	0	0	0	0
1	1	0	0	0	0	0	0	0	0	0	0	0	0	0	0	0	0	0	0	0	0	0	0	0
1	1	1	0	0	1	1	1	0	1	0	0	1	0	1	1	1	0	1	1	1	1	0	1	1
1	1	1	0	0	1	1	1	1	1	1	1	1	1	1	1	1	1	1	1	1	1	1	1	1
1	1	1	0	0	1	1	1	0	1	0	0	1	0	1	1	1	0	1	1	1	1	0	1	1
1	1	0	0	0	0	0	0	0	0	0	0	0	0	0	0	0	0	0	0	0	0	0	0	0
1	1	0	0	0	0	0	0	0	0	0	1	0	0	1	1	1	0	0	1	1	0	1	1	1
1	1	1	0	0	1	1	1	1	1	1	1	1	1	1	1	1	1	1	1	1	1	1	1	1
1	1	1	1	1	1	1	1	1	1	1	1	1	1	1	1	1	1	1	1	1	1	0	1	1
1	1	1	1	1	1	1	1	1	0	1	1	1	1	1	1	1	1	1	1	1	1	1	1	1
1	1	1	1	0	1	1	1	1	0	0	1	1	1	1	1	1	0	1	1	1	1	1	1	1
1	1	1	1	1	1	1	1	1	0	1	1	0	1	1	1	1	1	1	1	1	1	1	1	1
1	1	1	1	1	1	1	0	1	0	0	0	0	0	1	1	0	1	1	1	1	1	1	0	1
1	1	1	1	1	1	1	1	1	0	1	1	0	1	1	1	0	0	1	1	1	1	1	1	1
1	1	1	1	1	0	0	1	0	0	1	0	0	1	1	1	0	0	1	0	1	1	0	1	1
1	1	0	0	0	1	1	1	0	0	0	0	0	0	0	0	0	0	0	0	0	0	0	0	0
1	1	1	1	1	1	1	1	1	1	0	1	1	1	1	1	1	1	1	1	1	0	0	0	0
1	1	1	1	1	1	1	1	1	1	0	1	0	1	0	0	0	0	0	0	1	0	0	0	0
1	1	1	0	0	1	1	1	1	1	0	1	1	1	1	1	1	1	1	1	1	0	0	0	0
1	1	0	0	0	1	0	0	0	1	1	1	0	0	0	0	0	0	0	1	0	0	0	0	0
1	1	0	0	0	0	0	0	0	0	0	0	0	0	0	0	0	0	0	0	0	0	0	0	0
1	1	0	0	0	0	0	0	0	0	0	0	0	0	0	0	0	0	0	0	0	0	0	0	0
1	1	0	0	0	0	0	0	0	0	0	0	0	0	0	0	0	0	0	0	0	0	0	0	0
1	1	1	0	0	1	1	1	0	1	0	0	1	0	1	1	1	0	1	1	1	1	0	1	1
1	1	1	1	1	1	1	1	0	1	0	1	1	1	1	1	1	0	1	1	1	1	0	1	1
1	1	1	0	0	1	1	1	0	1	0	0	1	0	1	1	1	0	1	1	1	1	0	1	1
1	1	0	0	0	0	0	0	0	0	0	0	0	0	0	0	0	0	0	0	0	0	0	0	0
1	1	1	1	0	0	1	1	1	0	1	1	0	0	1	1	1	0	1	1	1	1	1	1	1
1	1	1	0	0	1	1	1	1	1	1	1	1	1	1	1	1	1	1	1	1	1	1	1	1
1	1	1	0	1	1	1	1	0	1	1	1	1	1	1	1	1	0	1	1	1	1	0	1	1
1	1	1	0	0	1	1	1	0	1	1	1	1	1	1	1	1	1	1	1	1	1	1	1	1
1	1	1	0	0	1	1	1	0	1	0	1	1	1	1	1	1	0	1	1	1	1	1	1	1
1	1	1	1	0	1	1	1	1	0	1	1	0	1	1	1	1	1	1	1	1	1	1	1	1
1	1	1	1	1	1	1	0	0	0	1	1	0	1	1	1	1	1	1	1	1	1	1	1	1
1	1	1	1	1	1	1	1	1	1	1	1	0	1	1	1	1	1	1	1	1	1	1	1	1
1	1	1	1	1	1	0	1	1	0	1	1	0	1	1	0	1	0	1	1	1	1	0	1	1
1	1	0	1	1	1	0	1	0	0	1	1	0	0	0	0	0	1	0	0	0	0	0	1	0
1	1	0	1	1	1	1	1	1	1	1	1	1	1	1	1	1	1	1	1	1	1	0	1	1
1	1	0	1	1	1	1	1	1	1	1	1	1	1	1	1	1	1	1	0	1	1	0	1	1
1	1	0	1	1	1	1	1	1	1	1	1	1	1	1	1	1	1	1	1	1	1	0	1	1
1	1	0	0	0	1	0	0	0	1	1	1	0	0	0	0	0	0	0	1	0	0	0	0	0
1	1	0	0	0	0	0	0	0	0	0	0	0	0	0	0	0	0	0	0	0	0	0	0	0
1	1	0	0	0	0	0	0	0	0	0	0	0	0	0	0	0	0	0	0	0	0	0	0	0
1	1	0	0	0	0	0	0	0	0	0	0	0	0	0	0	0	0	0	0	0	0	0	0	0
1	1	0	0	0	1	1	1	1	1	0	1	1	1	1	1	1	1	1	1	0	1	0	1	0
1	1	1	0	0	1	1	1	1	1	0	1	1	1	1	1	1	1	1	1	1	1	0	1	0
1	1	0	0	0	1	1	1	1	1	0	1	0	0	0	0	0	0	0	0	1	1	0	1	0
1	1	0	0	0	0	0	0	0	0	0	0	0	0	0	0	0	0	0	0	0	0	0	0	0
1	1	1	1	0	0	1	0	1	0	0	1	0	0	1	1	1	0	1	1	1	0	1	1	1
1	1	1	0	0	1	1	1	1	1	1	1	1	1	1	1	1	1	1	1	1	1	1	1	1
1	1	1	1	0	1	1	1	0	1	1	1	1	1	1	1	1	0	1	1	1	1	0	1	1
1	1	1	1	0	1	1	1	1	1	1	1	1	1	1	1	1	1	1	1	1	1	1	1	1
1	1	1	1	0	1	1	1	1	1	0	1	1	1	1	1	1	0	1	1	1	1	1	1	1
1	1	1	1	1	1	1	1	1	0	1	1	0	1	1	1	1	1	1	1	1	1	1	1	1
1	1	1	1	1	1	1	1	1	1	1	1	1	1	1	1	1	1	1	1	1	1	1	1	1
1	1	1	1	1	1	1	1	1	1	1	1	1	1	1	1	1	0	1	1	1	1	1	1	1
1	1	1	1	0	1	1	1	0	1	0	1	1	0	1	1	0	0	1	1	1	1	0	1	1
1	1	0	0	0	1	1	1	0	1	1	1	0	1	0	0	0	0	0	1	0	0	0	0	0
1	1	1	1	0	1	1	1	0	1	1	1	1	1	1	1	1	1	1	1	1	0	1	0	1
1	1	1	1	0	1	1	1	0	1	1	1	1	1	1	1	1	0	0	1	1	1	0	0	1
1	1	1	0	0	1	1	1	0	1	1	1	1	1	1	1	1	1	1	1	1	1	1	1	1
1	1	1	1	0	0	1	1	1	0	1	1	0	0	0	0	0	0	1	0	0	1	1	0	0
1	1	0	0	0	0	0	0	0	0	0	0	0	0	0	0	0	0	0	0	0	0	0	0	0
1	1	0	0	0	0	0	0	0	0	0	0	0	0	0	0	0	0	0	0	0	0	0	0	0
1	1	0	0	0	0	0	0	0	0	0	0	0	0	0	0	0	0	0	0	0	0	0	0	0
1	1	0	1	1	1	1	1	0	0	1	1	1	1	0	0	1	1	1	1	1	1	0	1	1
1	1	0	1	1	1	1	1	1	1	1	1	1	1	1	1	1	1	1	1	1	1	1	1	1
1	1	0	1	1	1	1	1	1	1	1	1	1	1	1	1	1	1	0	0	1	1	0	1	1
1	1	0	0	0	0	0	0	0	0	0	0	0	0	0	0	0	0	0	0	0	0	0	0	0
1	1	1	1	0	0	0	1	0	1	0	1	0	1	0	1	0	0	1	0	1	1	0	1	1
1	1	1	0	1	1	1	1	1	1	0	1	1	1	1	1	1	1	1	1	1	1	0	1	1
1	1	1	1	0	1	1	1	1	1	1	1	1	1	1	1	1	1	1	1	1	1	0	1	0
1	1	1	0	0	1	1	1	0	1	1	1	1	1	1	1	1	1	1	1	1	1	1	1	1
1	1	1	0	0	1	1	1	0	1	0	1	1	1	1	1	1	0	1	1	1	1	1	1	1
1	1	0	0	0	1	1	1	1	0	1	1	0	1	1	1	1	1	1	1	1	1	1	1	1
1	1	1	1	1	1	1	1	1	1	1	1	1	1	1	1	1	1	1	1	1	1	1	1	1
1	1	1	1	1	1	1	1	1	1	1	1	1	1	1	1	1	1	1	1	1	1	1	1	1
1	1	1	1	0	1	1	1	1	1	0	1	1	1	1	1	1	0	0	1	1	1	0	1	1
1	1	0	0	0	1	1	1	0	1	1	1	0	1	0	0	0	0	0	1	0	0	0	0	0
1	1	1	0	0	1	1	1	0	1	1	1	1	1	1	1	1	1	1	1	1	1	1	1	1
1	1	1	0	0	1	1	1	0	1	1	1	1	1	1	1	1	0	1	1	1	1	0	1	1
1	1	1	0	0	1	1	1	0	1	1	1	1	1	1	1	1	1	1	1	1	1	1	1	1
1	1	1	1	0	0	1	0	1	0	0	0	0	0	0	1	0	0	1	1	0	0	1	0	1
1	1	0	0	0	0	0	0	0	0	0	0	0	0	0	0	0	0	0	0	0	0	0	0	0
1	1	0	0	0	0	0	0	0	0	0	0	0	0	0	0	0	0	0	0	0	0	0	0	0
1	1	0	0	0	0	0	0	0	0	0	0	0	0	0	0	0	0	0	0	0	0	0	0	0
1	1	1	0	0	1	1	1	0	1	1	1	0	1	1	0	0	1	1	1	1	0	1	0	1
1	1	1	0	0	1	1	1	0	1	1	1	1	1	1	1	1	1	1	1	1	1	1	1	1
1	1	0	0	0	1	1	1	0	1	1	1	1	1	1	1	1	0	0	1	0	0	0	0	1
1	1	0	0	0	0	0	0	0	0	0	0	0	0	0	0	0	0	0	0	0	0	0	0	0
1	1	1	1	0	0	1	0	1	1	0	0	0	0	0	1	0	0	1	1	0	0	1	0	1
1	1	0	1	1	1	1	1	1	1	1	1	1	1	1	1	1	1	1	1	1	1	1	1	1
1	1	1	1	1	1	1	1	1	1	1	1	1	1	1	1	1	1	1	1	1	1	1	1	1
1	1	1	1	1	1	1	1	1	1	1	1	1	1	1	1	1	1	1	1	1	1	1	1	1
1	1	1	1	0	1	1	1	1	1	0	1	1	1	1	1	1	1	1	1	1	1	1	1	1
1	1	1	1	1	1	1	1	1	0	1	1	1	1	1	1	1	1	1	1	1	1	1	1	1
1	1	1	1	1	1	1	1	1	1	1	1	1	1	1	1	1	1	1	1	1	1	1	1	1
1	1	1	1	1	1	1	1	1	1	1	1	1	1	1	1	1	1	1	1	1	1	1	1	1
1	1	1	0	0	1	1	1	0	1	0	0	1	0	1	1	0	0	1	1	1	1	0	1	1
1	1	0	0	0	1	1	1	0	1	1	1	0	1	0	0	0	0	0	1	0	0	0	0	0
1	1	1	0	0	1	1	1	0	1	1	1	1	1	1	1	1	1	1	1	1	1	1	1	1
1	1	1	0	0	1	1	1	0	1	1	1	1	1	1	1	1	0	1	1	1	1	0	1	1
1	1	1	0	0	1	1	1	0	1	1	1	1	1	1	1	1	1	1	1	1	1	1	1	1
1	1	0	0	0	0	0	0	0	0	0	0	0	0	0	0	0	0	0	0	0	0	0	0	0
1	1	0	0	0	0	0	0	0	0	0	0	0	0	0	0	0	0	0	0	0	0	0	0	0
1	1	0	0	0	0	0	0	0	0	0	0	0	0	0	0	0	0	0	0	0	0	0	0	0
1	1	0	0	0	0	0	0	0	0	0	0	0	0	0	0	0	0	0	0	0	0	0	0	0
1	1	1	0	0	1	1	1	0	1	1	1	1	1	1	1	1	1	1	1	1	0	1	0	1
1	1	1	0	0	1	1	1	1	1	1	1	1	1	1	1	1	1	1	1	1	1	1	1	1
1	1	0	0	0	1	1	1	0	1	1	1	1	1	1	1	1	0	0	1	0	0	0	0	1
1	1	0	0	0	0	0	0	0	0	0	0	0	0	0	0	0	0	0	0	0	0	0	0	0
1	1	0	0	0	0	0	0	0	1	0	0	0	0	0	0	0	0	0	0	0	0	0	0	0
1	1	1	0	0	1	1	1	0	1	1	1	1	1	1	1	1	1	1	1	1	1	1	1	1
1	1	1	1	1	1	1	1	1	1	1	1	1	1	1	1	1	1	1	1	1	1	1	1	1
1	1	1	1	1	1	1	1	1	1	1	1	1	1	1	1	1	1	1	1	1	1	1	1	1
1	1	1	1	1	1	1	1	1	1	1	1	1	1	1	1	1	1	1	1	1	1	0	1	1
1	1	1	1	1	1	1	1	1	1	1	1	1	1	1	1	1	1	1	1	1	1	1	1	1
1	1	1	1	1	1	1	1	1	1	1	1	1	1	1	1	1	1	1	1	1	1	1	1	1
1	1	1	1	1	1	1	1	1	1	1	1	1	1	1	1	1	1	1	1	1	1	1	1	1
1	1	1	0	0	1	1	1	1	1	0	1	1	1	1	1	1	1	1	1	1	1	0	1	1
1	1	1	1	0	1	1	1	1	0	1	1	0	0	0	0	0	0	1	0	0	1	1	0	0
1	1	1	1	1	1	1	1	1	1	1	1	1	0	1	1	0	0	1	1	1	1	1	1	1
1	1	1	1	1	1	1	1	1	1	1	1	1	0	1	1	0	0	1	1	1	1	1	1	1
1	1	1	1	1	1	1	1	1	0	1	1	0	0	0	1	0	0	1	1	0	1	1	0	1
1	1	1	1	0	0	1	0	1	0	0	0	0	0	0	1	0	0	1	1	0	0	1	0	1
1	1	0	0	0	0	0	0	0	0	0	0	0	0	0	0	0	0	0	0	0	0	0	0	0
1	1	0	0	0	0	0	0	0	0	0	0	0	0	0	0	0	0	0	0	0	0	0	0	0
1	1	0	0	0	0	0	0	0	0	0	0	0	0	0	0	0	0	0	0	0	0	0	0	0
1	1	1	0	0	1	1	1	0	1	1	1	0	1	1	0	0	1	1	1	1	0	1	0	1
1	1	1	0	0	1	1	1	1	1	1	1	1	1	1	1	1	1	1	1	1	1	1	1	1
1	1	0	0	0	1	1	1	0	1	1	1	1	1	1	1	1	0	0	1	0	0	0	0	1
1	1	0	0	0	0	0	1	1	0	0	1	1	0	0	1	1	1	0	0	0	0	0	0	0
1	1	1	1	0	0	1	1	1	0	0	1	1	1	1	1	1	1	1	1	0	0	1	0	1
1	1	1	0	0	1	1	1	0	1	1	1	1	1	1	1	1	1	1	1	1	1	1	1	1
1	1	1	0	0	1	0	0	0	1	0	1	1	0	1	1	0	1	1	1	1	1	1	1	1
1	1	0	0	0	1	1	1	0	1	1	1	1	1	1	1	1	1	1	1	1	1	1	1	1
1	1	1	1	1	1	1	1	1	1	1	1	1	1	1	1	1	1	1	1	1	1	1	1	1
1	0	0	0	0	1	1	1	0	1	1	1	1	1	1	1	1	1	1	1	1	0	0	1	1
1	1	1	1	1	1	1	1	1	1	1	1	1	1	1	1	1	1	1	1	1	1	1	1	1
1	1	1	1	1	1	1	1	1	1	1	1	1	1	1	1	1	1	1	1	1	1	1	1	1
1	1	1	1	1	1	1	1	1	1	1	1	1	1	1	1	1	1	1	1	1	1	1	1	1
1	1	1	1	1	1	1	1	1	1	1	1	1	1	1	1	1	1	1	1	1	1	0	1	1
1	1	1	1	0	1	1	1	1	0	1	0	1	1	1	1	1	1	1	1	0	0	1	0	1
1	1	1	1	1	1	1	1	1	1	0	1	1	1	1	1	1	1	1	1	1	1	1	1	1
1	1	1	1	1	1	1	1	1	1	0	1	1	1	1	1	1	1	1	1	1	1	1	1	1
1	1	1	1	1	1	1	0	1	0	0	0	0	0	0	1	0	0	1	1	0	0	1	0	1
1	1	0	0	0	0	0	0	0	0	0	0	0	0	0	0	0	0	0	0	0	0	0	0	0
1	1	0	0	0	0	0	0	0	0	0	0	0	0	0	0	0	0	0	0	0	0	0	0	0
1	1	0	0	0	0	0	0	0	0	0	0	0	0	0	0	0	0	0	0	0	0	0	0	0
1	1	0	0	0	0	0	0	0	0	0	0	0	0	0	0	0	0	0	0	0	0	0	0	0
1	1	1	1	1	1	1	1	1	0	1	1	0	0	0	0	0	0	1	0	0	1	1	0	0
1	1	1	1	1	1	1	1	1	0	1	1	1	1	1	1	1	1	1	0	1	1	1	1	1
1	1	1	1	1	1	1	1	1	1	1	1	0	0	0	0	0	0	1	0	0	1	1	0	0
1	1	0	0	0	0	1	1	0	0	1	1	1	1	1	0	1	1	0	0	0	1	0	1	1
1	1	0	0	0	0	1	1	1	0	1	1	1	1	1	1	0	0	1	1	0	0	0	0	1
1	1	1	0	0	1	1	1	1	1	1	1	1	1	1	1	1	1	1	1	1	1	1	1	1
1	1	1	0	0	1	0	0	0	1	0	1	1	0	1	1	0	1	1	1	1	1	1	1	1
1	1	1	1	1	1	1	1	1	1	1	1	1	1	1	1	1	1	1	1	1	1	1	1	1
1	1	1	1	1	1	1	1	1	1	1	1	1	1	1	1	1	1	1	1	1	1	1	1	1
1	1	0	0	0	1	1	1	0	1	1	1	1	1	1	1	1	1	1	1	1	1	1	1	1
1	1	1	1	1	1	1	1	1	1	1	1	1	1	1	1	1	1	1	1	1	1	1	1	1
1	1	1	1	1	1	1	1	1	1	1	1	1	1	1	1	1	1	1	1	1	1	1	1	1
1	1	1	1	1	1	1	1	1	1	1	1	1	1	1	1	1	1	1	1	1	1	1	1	1
1	1	1	0	1	1	1	1	1	1	1	1	1	1	1	1	1	1	1	1	1	1	1	1	1
1	1	0	0	0	0	0	0	0	0	1	1	0	0	0	0	0	0	1	1	0	0	0	0	0
1	1	0	1	1	1	1	1	1	1	1	1	1	1	1	1	1	1	1	1	1	1	1	1	1
1	1	0	1	1	1	1	1	1	1	1	1	1	1	1	1	1	1	1	0	0	1	0	1	1
1	1	0	0	1	1	0	0	0	1	1	0	0	0	0	1	0	1	1	1	1	1	1	0	1
1	1	1	1	0	0	1	0	1	0	0	0	0	0	0	1	0	0	1	1	0	0	1	0	1
1	1	0	0	0	0	0	0	0	0	0	0	0	0	0	0	0	0	0	0	0	0	0	0	0
1	1	0	0	0	0	0	0	0	0	0	0	0	0	0	0	0	0	0	0	0	0	0	0	0
1	0	0	0	0	0	0	0	0	0	0	0	0	0	0	0	0	0	0	0	0	0	0	0	0
1	1	1	1	1	1	1	0	1	0	0	0	0	0	0	1	0	0	1	1	0	0	1	0	1
1	1	1	1	1	1	1	0	1	0	1	1	1	1	1	1	1	1	1	1	1	1	1	1	1
1	1	1	1	1	1	1	0	1	1	0	0	0	0	0	1	0	0	1	1	0	0	1	0	1
1	0	0	0	0	0	0	0	0	0	0	0	0	0	1	1	0	0	0	1	0	0	0	0	0
1	1	1	1	0	0	1	0	1	0	1	1	1	1	1	1	1	1	1	1	1	1	1	1	1
1	1	1	1	1	1	1	1	1	0	1	1	1	1	1	0	1	1	1	0	0	1	1	1	1
1	1	1	1	1	1	1	1	1	1	1	1	1	0	1	1	0	0	1	1	0	1	1	1	1
1	1	1	1	1	1	1	1	1	1	1	1	1	1	1	1	0	0	1	1	0	1	1	1	1
1	1	1	1	1	1	1	1	1	1	1	1	1	1	1	1	1	1	1	1	1	1	1	1	1
1	1	1	0	0	1	1	1	1	1	1	1	1	1	1	1	1	1	1	1	1	1	1	1	1
1	0	1	0	0	1	1	1	1	1	1	1	1	1	1	1	1	1	1	1	1	1	1	0	1
1	1	1	1	1	1	1	1	1	1	1	1	1	1	1	1	1	1	1	1	1	1	1	1	1
1	1	1	1	1	1	1	1	1	1	1	1	1	1	1	1	1	1	1	1	1	1	1	1	1
1	1	1	1	1	1	1	1	1	1	1	1	1	1	1	1	1	1	1	1	1	1	1	1	1
1	1	1	1	1	1	1	1	1	1	1	1	1	1	1	1	1	1	1	1	1	1	1	1	1
1	1	1	1	0	1	1	0	1	0	1	1	0	0	0	1	0	1	1	1	1	0	1	0	1
1	1	1	1	1	1	1	1	1	1	1	1	1	1	1	1	1	1	1	1	1	0	1	0	1
1	1	1	1	1	1	1	1	1	1	1	1	1	1	1	1	1	0	1	1	0	0	1	0	1
1	1	1	1	1	1	1	0	1	0	0	0	0	0	0	1	0	0	1	1	0	0	1	0	1
1	1	0	0	0	0	0	0	0	0	0	0	0	0	0	0	0	0	0	0	0	0	0	0	0
1	1	0	0	0	0	0	0	0	0	0	0	0	0	0	0	0	0	0	0	0	0	0	0	0
1	1	0	0	0	0	0	0	0	0	0	0	0	0	0	0	0	0	0	0	0	0	0	0	0
1	1	0	0	0	0	0	0	0	1	1	1	0	0	0	0	0	0	0	0	0	0	0	0	0
1	1	0	1	1	0	0	0	0	0	0	0	0	0	0	1	1	1	1	0	1	1	0	0	1
1	1	0	1	1	1	1	1	1	1	1	1	1	1	1	1	1	1	1	1	1	1	1	1	1
1	1	0	1	1	1	1	1	1	1	1	1	0	1	0	1	1	1	1	1	1	1	1	1	1
1	1	0	0	0	0	0	0	0	0	0	0	0	0	1	1	0	0	0	1	0	0	0	0	0
1	1	0	0	0	0	0	0	0	0	1	1	1	1	1	1	1	1	1	0	1	1	1	1	1
1	1	1	1	1	1	1	0	1	0	0	0	0	0	1	1	0	0	1	1	0	0	1	0	1
1	1	1	1	1	1	1	1	1	0	0	0	0	0	0	1	0	0	1	1	0	0	1	0	1
1	1	1	1	1	1	1	1	1	0	0	0	0	0	0	1	0	0	1	1	0	0	1	0	1
1	1	1	1	1	1	1	1	1	0	1	1	0	1	1	1	1	1	1	1	1	1	1	1	1
1	1	1	1	1	1	1	1	1	1	1	1	1	1	1	1	1	1	1	1	1	1	1	1	1
1	1	1	1	1	1	1	1	1	1	1	1	1	1	1	1	1	1	1	1	1	1	1	1	1
1	1	1	1	1	1	1	1	1	1	1	1	1	1	1	1	1	1	1	1	1	1	1	1	1
1	1	1	1	1	1	1	1	0	1	1	1	1	1	1	1	1	1	1	1	1	1	1	1	1
1	1	1	1	1	1	1	1	0	1	1	1	1	1	1	1	1	1	1	1	1	1	1	1	1
1	1	1	0	0	1	1	1	0	1	1	1	1	1	1	1	1	1	1	1	1	1	1	1	1
1	1	1	0	0	0	0	0	0	0	1	1	0	0	0	0	0	1	1	0	1	0	1	0	0
1	1	1	0	0	1	1	1	0	1	1	1	1	1	1	1	1	1	1	1	1	0	1	1	1
1	1	0	0	0	1	1	1	0	1	1	1	1	1	1	1	1	0	0	1	0	0	0	1	0
1	1	0	0	0	0	0	0	0	0	0	0	0	1	1	1	0	0	1	1	0	0	1	1	1
1	1	1	1	0	0	1	0	1	0	0	0	0	0	0	1	0	0	1	1	0	0	1	0	1
1	1	0	0	0	0	0	1	0	0	0	1	1	0	0	0	1	1	0	0	0	0	0	0	0
1	1	0	0	0	0	0	0	0	0	0	0	0	0	0	0	0	0	0	0	0	0	0	0	0
1	0	0	0	0	0	0	0	0	0	0	0	0	0	0	0	0	0	0	0	0	0	0	0	0
1	1	1	1	1	1	1	0	1	0	0	0	0	0	0	1	0	0	1	1	0	0	1	0	1
1	1	1	1	1	1	1	0	1	0	0	0	0	0	0	1	0	0	1	1	0	0	1	0	1
1	1	1	1	1	1	1	0	1	0	0	0	0	0	0	1	0	0	1	1	0	0	1	0	1
0	0	0	0	0	0	0	0	0	0	0	0	0	0	1	1	0	0	0	1	0	0	0	0	0
1	1	1	1	1	1	1	1	1	0	1	1	1	1	1	1	1	1	1	1	1	1	1	1	1
1	1	0	1	1	1	1	1	1	1	1	1	0	1	1	1	1	1	1	1	1	1	1	1	1
1	1	0	0	1	1	1	1	1	1	1	1	0	1	0	0	0	0	0	0	0	1	1	1	1
1	1	0	1	1	1	0	1	0	1	1	1	0	1	0	1	1	1	1	1	1	1	1	1	1
1	1	1	1	1	1	1	1	1	0	0	1	0	1	1	1	1	1	1	1	1	1	1	1	1
1	1	1	1	1	1	1	0	1	0	1	1	0	1	1	1	1	1	1	1	1	1	1	1	1
1	1	1	1	1	1	1	1	1	1	1	1	0	1	1	1	1	1	1	1	1	1	1	1	1
1	1	1	1	1	1	1	1	1	1	1	1	1	1	1	1	1	1	1	1	1	1	1	1	1
1	1	1	1	1	1	0	1	1	0	1	1	0	0	1	0	0	0	0	0	0	1	1	0	0
1	1	1	1	1	1	1	1	1	1	1	1	1	1	1	1	1	1	1	1	1	1	1	0	1
1	1	1	1	1	1	1	1	1	1	1	1	1	1	1	1	1	1	1	1	1	1	1	1	1
1	1	1	1	0	1	1	1	1	0	0	1	0	0	0	1	0	1	1	1	1	1	1	0	1
1	1	1	1	1	1	1	1	1	1	1	1	1	1	1	1	1	1	1	1	1	0	1	0	1
1	1	1	1	1	1	1	1	1	1	1	1	1	1	1	1	1	0	1	1	0	0	1	0	1
1	1	1	1	1	1	1	0	1	0	0	0	0	0	0	1	0	0	1	1	0	0	1	0	1
1	1	0	0	0	0	0	1	0	0	1	0	0	0	0	0	0	0	0	0	0	0	0	0	0
1	1	0	0	0	0	0	1	0	0	1	0	0	1	1	0	0	0	0	0	0	0	0	0	0
1	1	0	0	0	0	0	0	0	0	0	0	0	0	0	0	0	0	0	0	0	0	0	0	0
1	1	0	0	0	0	0	0	0	0	0	0	0	0	0	0	0	0	0	0	0	0	0	0	0
1	1	0	0	0	0	0	0	0	0	0	0	0	0	0	0	0	0	0	0	0	0	0	1	0
1	1	0	0	0	0	0	1	0	1	1	1	0	1	1	1	1	1	0	0	0	0	0	1	1
1	1	0	0	0	0	0	1	0	1	0	1	0	1	1	0	1	0	0	0	0	0	0	1	1
1	1	0	0	0	0	0	0	0	0	0	0	0	0	0	0	0	0	0	0	0	0	0	0	0
1	1	1	1	1	1	1	1	1	0	1	1	0	1	1	1	1	1	1	1	1	1	1	1	1
1	1	1	1	1	1	1	0	1	0	0	0	0	0	1	1	0	0	1	1	0	0	1	0	1
1	1	1	1	1	1	1	0	1	0	1	1	0	0	1	1	0	0	1	1	0	0	1	0	1
1	1	1	1	1	1	1	0	1	0	1	1	0	0	1	1	0	0	1	1	0	0	1	0	1
1	1	1	1	1	1	1	1	1	1	1	1	0	1	1	1	1	1	1	1	1	1	1	1	1
1	1	0	1	1	1	1	1	1	1	1	1	0	1	1	1	1	1	1	1	1	1	1	1	1
1	1	1	1	1	1	1	1	0	1	1	1	0	1	1	1	1	1	1	1	1	1	1	1	1
1	1	1	1	1	1	1	1	0	1	1	1	1	1	1	1	1	1	1	1	1	1	1	1	1
1	1	1	1	1	1	0	0	0	0	1	1	0	0	1	0	0	0	1	1	0	0	0	0	1
1	1	1	1	1	1	1	1	1	1	1	1	1	1	1	1	1	0	1	1	0	1	1	0	1
1	1	1	1	1	1	1	1	1	1	1	1	1	1	1	1	1	0	1	1	0	1	1	0	1
1	1	0	0	0	0	0	1	0	0	0	0	0	0	0	0	0	0	1	1	0	0	0	0	1
1	1	1	1	1	1	1	1	1	0	1	1	0	0	0	0	0	0	1	0	0	1	1	0	0
1	1	1	1	1	1	1	1	1	0	1	1	0	0	0	0	0	0	1	1	0	1	1	0	0
1	1	0	0	0	0	0	1	0	0	1	1	0	0	1	0	0	0	1	1	1	1	0	0	1
1	1	1	1	1	1	1	1	1	0	1	1	0	1	1	1	1	1	1	1	1	1	1	1	1
1	1	0	0	0	0	0	0	0	0	1	1	0	1	1	1	0	0	0	0	0	0	0	0	0
1	1	0	0	0	0	0	0	0	0	0	0	0	0	0	0	0	0	0	0	0	0	0	0	0
1	1	0	0	0	0	0	0	0	0	0	0	0	0	0	0	0	0	0	0	0	0	0	0	0
1	1	1	1	1	1	1	0	1	0	0	0	0	0	0	1	0	0	1	1	0	0	1	0	1
1	1	1	1	1	1	1	1	1	1	1	1	0	1	0	1	0	0	1	1	0	0	1	1	1
1	1	1	1	1	1	1	0	1	0	0	0	0	0	0	1	0	0	1	1	0	0	1	0	1
0	0	0	0	0	0	0	0	0	0	0	0	0	0	0	0	0	0	0	0	0	0	0	0	0
1	1	1	1	1	1	1	1	1	0	1	1	0	1	1	1	1	1	1	1	1	1	1	1	1
1	1	0	0	0	0	0	1	0	1	1	1	0	1	1	1	1	1	0	0	0	0	0	1	1
1	1	0	0	0	1	0	0	0	0	1	1	0	0	1	1	1	1	0	0	0	0	0	0	0
1	1	0	0	0	1	0	0	0	0	1	1	0	1	1	0	1	1	0	0	1	1	0	1	1
1	1	1	1	1	1	1	1	1	0	0	1	0	1	1	1	1	1	1	1	1	1	1	1	1
1	1	1	1	1	1	1	0	1	0	1	1	0	1	1	1	1	1	1	1	1	1	1	1	1
1	1	1	1	1	1	1	1	1	1	1	1	0	1	1	1	1	1	1	1	1	1	1	1	1
1	1	1	1	1	1	0	1	1	0	1	1	0	0	1	1	0	0	1	1	0	0	1	0	1
1	1	0	0	0	1	1	1	1	1	1	1	0	1	1	0	0	0	0	0	0	0	1	1	0
1	1	1	1	1	1	1	1	1	1	1	1	0	1	0	1	0	1	1	1	1	1	1	1	1
1	1	1	1	1	1	1	1	1	0	1	1	0	0	0	1	0	1	1	1	1	1	1	0	1
1	1	1	1	0	1	1	0	1	0	0	0	0	0	0	1	0	0	1	1	0	0	1	0	1
1	1	1	1	1	1	1	0	1	0	0	0	0	0	0	1	0	0	1	1	0	0	1	0	1
1	1	1	1	1	1	1	0	1	0	0	0	0	0	0	1	0	0	1	1	0	0	1	0	1
1	1	1	1	1	1	1	0	1	0	0	1	0	0	1	1	0	0	1	1	1	0	1	0	1
1	1	1	1	1	1	1	1	1	0	1	1	0	1	1	1	1	1	1	1	1	1	1	1	1
1	1	0	0	0	0	0	0	0	0	1	1	0	1	1	1	0	0	0	0	0	0	0	0	0
1	1	0	0	0	0	0	0	0	0	0	0	0	0	0	0	0	0	0	0	0	0	0	0	0
1	1	0	0	0	0	0	0	0	0	0	0	0	0	0	0	0	0	0	0	0	0	0	0	0
1	1	0	0	0	0	0	0	0	0	0	0	0	0	0	0	0	0	0	0	0	0	0	0	0
1	1	0	0	0	0	0	1	1	0	1	0	1	1	1	0	0	1	1	1	1	1	1	1	1
1	1	0	0	0	0	0	1	1	0	1	0	1	0	1	0	0	0	1	1	0	1	0	1	1
1	1	0	0	0	0	0	1	0	1	1	1	0	0	0	0	0	0	0	0	0	0	1	1	0
1	1	1	1	1	1	1	1	1	1	1	1	0	1	1	1	1	1	1	1	1	1	1	1	1
1	1	1	1	1	1	1	0	1	0	0	0	0	0	0	1	0	0	1	1	0	0	1	0	1
1	1	1	1	1	1	1	0	1	0	1	1	0	0	1	1	0	0	1	1	0	0	1	0	1
1	1	1	1	1	1	1	1	1	1	1	1	1	1	1	1	1	1	1	1	1	1	1	0	1
1	1	1	1	1	1	1	1	1	1	1	1	1	1	1	1	1	1	1	1	1	1	1	1	1
1	1	0	0	0	0	0	0	1	1	1	1	0	1	1	1	1	1	0	0	0	0	0	1	1
1	1	1	1	1	1	1	1	1	0	1	1	0	1	0	0	0	0	1	0	0	1	1	1	1
1	1	1	1	1	1	1	1	1	0	1	1	0	0	0	0	0	0	1	0	0	1	1	0	0
1	1	1	1	1	1	1	1	1	0	1	1	0	0	0	0	0	0	1	1	0	1	1	0	1
1	1	1	1	1	1	1	0	1	1	1	0	0	1	0	1	0	0	1	1	0	0	1	0	1
1	1	1	1	1	1	1	1	1	1	1	1	0	1	0	1	0	0	1	1	0	0	1	1	1
1	1	0	0	0	0	0	0	0	0	0	0	0	0	0	0	0	0	1	1	0	0	0	0	1
1	1	0	1	1	1	1	1	1	1	1	1	0	1	0	1	1	1	1	1	1	1	1	1	1
1	1	0	1	1	1	1	1	1	1	1	1	0	1	0	1	1	1	1	1	1	1	1	1	1
1	1	0	0	0	0	0	1	0	0	0	1	1	0	1	0	0	0	0	1	1	1	1	1	0
1	1	1	1	1	1	1	1	1	0	1	1	0	1	1	1	1	1	1	1	1	1	1	1	1
1	1	0	0	0	0	0	0	0	0	1	1	0	1	1	1	0	0	0	0	0	0	0	0	0
1	1	0	0	0	0	0	0	0	0	0	0	0	0	0	0	0	0	0	0	0	0	0	0	0
1	1	0	0	0	0	0	0	0	0	0	0	0	0	0	0	0	0	0	0	0	0	0	0	0
1	1	1	1	1	1	1	0	1	0	0	0	0	0	0	1	0	0	1	1	0	0	1	0	1
1	1	1	1	1	1	1	0	1	0	0	0	0	0	0	1	1	0	1	1	0	0	1	1	1
1	1	1	1	1	1	1	0	1	0	0	0	0	0	0	1	0	0	1	1	0	0	1	0	1
1	1	0	0	0	0	0	0	0	0	0	0	0	0	0	0	0	0	0	0	0	0	0	0	0
1	1	1	1	1	1	1	1	1	0	1	1	0	1	1	1	1	1	1	1	1	1	1	1	1
1	1	0	0	0	0	0	1	1	1	1	1	1	1	1	0	0	1	1	1	1	1	1	1	1
1	1	0	0	0	0	1	1	1	1	1	1	0	1	0	0	0	1	1	0	0	1	1	1	1
1	1	1	1	1	1	1	1	1	1	1	1	1	1	1	1	1	1	1	1	1	1	1	1	1
1	1	1	1	1	1	1	1	1	1	1	1	1	1	1	1	1	1	1	1	1	1	1	1	1
1	1	1	1	1	1	1	0	1	0	0	0	0	0	0	1	0	0	1	1	0	0	1	0	1
1	1	1	1	1	1	1	0	1	0	0	0	0	0	0	1	0	0	1	1	0	0	1	0	1
1	1	0	0	0	0	1	0	1	1	1	0	0	0	0	1	0	0	1	1	0	0	1	0	1
1	1	0	0	0	0	1	0	1	0	1	0	0	0	0	1	1	1	1	1	0	0	1	0	1
1	1	1	1	1	1	1	1	1	1	1	1	0	1	0	1	1	1	1	1	1	1	1	1	1
1	1	1	1	1	1	1	1	1	1	1	1	0	1	0	1	1	1	1	1	1	1	1	1	1
1	1	1	1	1	1	1	1	1	1	1	1	1	1	1	1	1	1	1	1	1	1	1	0	1
1	1	1	1	1	1	1	1	1	1	1	1	1	1	1	1	1	1	1	1	1	1	1	0	1
1	1	1	1	1	1	1	1	1	1	1	1	1	1	1	1	1	1	1	1	1	1	1	0	1
1	1	1	1	1	1	1	1	1	1	1	1	1	1	1	1	1	1	1	1	1	1	1	0	1
1	1	1	1	1	1	1	1	1	0	1	1	0	1	1	1	1	1	1	1	1	1	1	1	1
1	1	0	0	0	0	0	1	1	0	0	0	0	0	0	0	0	0	0	0	0	0	0	0	0
1	0	0	0	0	0	0	0	0	0	0	0	0	0	0	0	0	0	0	0	0	0	0	0	0
1	1	0	0	0	0	0	0	0	0	0	0	0	0	0	0	0	0	0	0	0	0	0	0	0
1	1	0	0	0	0	0	0	0	0	0	0	0	0	0	0	0	0	0	0	0	0	0	0	0
1	1	0	0	0	0	0	1	1	1	0	1	1	0	1	1	1	0	0	1	1	1	1	1	1
1	1	0	0	0	0	0	1	1	1	0	1	1	0	1	0	1	0	0	0	1	1	0	1	0
1	1	0	0	0	0	0	0	0	0	0	0	0	0	0	0	0	0	0	0	0	0	0	0	0
1	1	1	1	0	0	0	1	0	1	0	1	0	1	0	1	0	0	1	0	1	1	0	1	1
1	1	1	1	1	1	1	0	1	0	0	0	0	0	0	1	0	0	1	1	0	0	1	0	1
1	1	1	1	1	1	1	0	1	0	0	0	0	0	0	1	0	0	1	1	0	0	1	0	1
1	1	1	1	1	1	1	1	1	1	1	1	1	1	1	1	1	1	1	1	1	1	1	1	1
1	1	1	1	1	1	1	1	1	1	1	1	1	1	1	1	1	1	1	1	1	1	1	1	1
1	1	0	0	0	1	1	1	0	1	1	1	1	1	1	0	0	1	1	1	1	1	1	1	1
1	1	1	1	1	1	1	1	0	1	1	1	0	1	0	0	0	0	1	1	1	0	0	1	1
1	1	1	1	1	1	1	1	0	1	1	1	0	1	0	1	0	1	1	1	1	1	0	1	1
1	1	1	1	1	1	0	0	0	1	1	0	0	1	0	1	0	1	1	1	1	1	0	0	1
1	1	1	1	1	1	1	0	1	0	0	0	0	0	0	1	0	0	1	1	0	0	1	0	1
1	1	1	1	1	1	1	0	1	0	1	0	0	1	1	1	1	1	1	1	0	0	1	1	1
1	1	1	1	1	1	1	1	1	0	1	1	1	1	1	1	1	1	1	1	1	1	1	1	1
1	1	1	1	1	1	1	1	1	1	1	1	1	1	1	1	1	1	1	1	1	1	1	1	1
1	1	1	1	1	1	1	1	1	1	1	1	1	1	1	1	1	1	1	1	1	1	1	1	1
1	1	1	1	1	1	1	1	1	1	1	1	1	1	1	1	1	1	1	1	1	1	1	1	1
1	1	1	1	1	1	1	1	1	0	1	1	0	1	1	1	1	1	1	1	1	1	1	1	1
1	1	0	0	0	0	0	0	0	0	0	0	0	0	0	0	0	0	0	0	0	0	0	0	0
1	1	0	0	0	0	0	0	0	0	0	0	0	0	0	0	0	0	0	0	0	0	0	0	0
1	1	0	0	0	0	0	0	0	0	0	0	0	0	0	0	0	0	0	0	0	0	0	0	0
1	1	1	1	1	1	1	1	1	1	1	1	1	1	1	1	1	1	1	1	1	1	1	0	1
1	1	1	1	1	1	1	1	1	1	1	1	1	1	1	1	1	1	1	1	1	1	1	1	1
1	1	1	1	1	1	1	1	1	1	1	1	1	1	1	1	1	1	1	1	1	1	1	1	1
1	1	0	0	0	0	0	0	0	0	0	0	0	0	0	0	0	0	0	0	0	0	0	0	0
1	1	0	0	0	0	0	0	0	1	1	0	0	0	0	0	0	0	0	0	0	0	0	0	0
1	1	0	0	0	0	0	1	1	1	0	1	1	0	1	1	1	0	0	1	1	1	1	1	1
1	1	0	0	0	0	0	1	0	0	0	0	0	0	0	1	0	1	1	1	1	1	0	0	1
1	1	1	1	1	1	1	1	1	1	1	1	1	1	1	1	1	1	1	1	1	1	1	1	1
1	1	1	1	1	1	1	1	1	1	1	1	1	1	1	1	1	1	1	1	1	1	1	1	1
1	1	1	1	1	1	1	0	1	0	0	0	0	0	0	1	0	0	1	1	0	0	1	0	1
1	1	1	1	1	1	1	0	1	0	0	0	0	0	0	1	0	0	1	1	0	0	1	0	1
1	1	0	0	0	0	1	0	1	0	0	0	0	0	0	1	0	0	1	1	0	0	1	0	1
1	1	0	0	0	0	1	0	1	0	0	0	0	1	0	1	0	0	1	1	0	0	1	1	1
1	1	1	1	1	1	0	1	0	1	1	0	0	1	1	0	1	1	1	1	1	0	0	1	1
1	1	1	1	1	1	0	1	0	1	1	0	0	1	1	1	1	1	1	1	0	0	0	1	1
1	1	1	1	1	1	1	1	1	0	1	1	1	1	1	1	1	1	1	1	1	1	1	1	1
1	1	1	1	1	1	1	1	1	1	1	1	1	1	1	1	1	1	1	1	1	1	1	1	1
1	1	1	1	1	1	1	1	1	1	1	1	1	1	1	1	1	1	1	1	1	1	1	1	1
1	1	1	1	1	1	1	1	1	1	1	1	1	1	1	1	1	1	1	1	1	1	1	1	1
1	1	1	1	0	0	0	1	0	1	1	1	0	1	0	1	0	0	1	0	1	1	0	1	1
1	1	0	0	0	0	0	0	0	1	1	0	0	0	0	0	0	0	0	0	0	0	0	0	0
1	1	0	0	0	0	0	0	0	0	0	0	0	0	0	0	0	0	0	0	0	0	0	0	0
1	1	0	0	0	0	0	0	0	1	1	0	0	1	0	0	0	0	0	0	0	0	0	0	0
1	1	1	1	1	1	1	1	1	1	1	1	1	1	1	1	1	1	1	1	1	1	1	1	1
1	1	1	1	1	1	1	1	1	1	1	1	1	1	1	1	1	1	1	1	1	1	1	1	1
1	1	1	1	1	1	1	1	1	1	1	1	1	1	1	1	1	1	1	1	1	1	1	1	1
1	1	0	0	0	0	0	0	0	0	0	0	0	1	0	0	0	0	0	0	0	0	0	0	0
1	1	0	0	0	0	0	0	0	0	0	0	0	0	0	0	0	0	0	0	0	0	0	0	0
1	1	1	1	1	1	1	1	1	1	1	1	1	1	1	1	1	1	1	1	1	1	1	1	1
1	1	1	1	1	1	1	1	1	1	1	1	1	1	1	1	1	1	1	1	1	1	1	1	1
1	1	1	1	1	1	1	1	1	1	1	1	1	1	1	1	1	1	1	1	1	1	1	1	1
1	1	1	1	1	1	1	1	1	1	1	1	1	1	1	1	1	1	1	1	1	1	1	1	1
1	1	0	0	0	0	0	1	0	1	0	1	0	1	1	1	1	1	0	1	1	1	1	1	1
1	1	1	1	1	1	0	1	0	0	0	0	0	0	0	1	1	1	0	0	1	1	1	0	0
1	1	1	1	1	1	0	0	0	0	0	0	0	1	1	0	1	0	0	0	0	0	0	1	1
1	1	1	1	1	1	0	0	0	0	0	0	0	0	0	0	0	0	1	1	0	0	0	1	1
1	1	1	1	1	1	1	0	1	0	0	0	0	0	0	1	0	0	1	1	0	0	1	0	1
1	1	1	1	1	1	1	1	1	0	1	0	1	1	0	1	0	1	1	1	1	1	1	1	1
1	1	1	1	1	1	1	1	1	0	1	1	1	1	1	1	1	1	1	1	1	1	1	1	1
1	1	1	1	1	1	1	1	1	1	1	1	1	1	1	1	1	1	1	1	1	1	1	1	1
1	1	1	1	1	1	1	1	1	1	1	1	1	1	1	1	1	1	1	1	1	1	1	1	1
1	1	1	1	1	1	1	1	1	1	1	1	1	1	1	1	1	1	1	1	1	1	1	1	1
1	1	0	0	0	0	0	0	0	0	0	0	0	0	0	0	0	0	0	0	0	0	0	0	0
1	1	0	0	0	0	0	0	0	0	0	0	0	0	0	0	0	0	0	0	0	0	0	0	0
1	1	0	0	0	0	0	0	0	0	0	0	0	0	0	0	0	0	0	0	0	0	0	0	0
1	1	0	0	0	0	0	0	0	0	0	0	0	0	0	0	0	0	0	0	0	0	0	0	0
1	1	1	1	1	1	1	1	1	1	1	1	1	1	1	1	1	1	1	1	1	1	1	1	1
1	1	1	1	1	1	1	1	1	1	1	1	1	1	1	1	1	1	1	1	1	1	1	1	1
1	1	1	1	1	1	1	1	1	1	1	1	1	1	1	1	1	1	1	1	1	1	1	1	1
1	1	0	0	0	0	0	0	0	0	0	0	0	0	0	0	0	0	0	0	0	0	0	0	0
1	1	0	0	0	0	0	0	0	0	0	0	0	0	0	0	0	0	0	0	0	0	0	0	0
1	1	1	1	1	1	1	1	1	1	1	1	1	1	1	1	1	1	1	1	1	1	1	1	1
1	1	1	1	1	1	1	1	1	1	1	1	1	1	1	1	1	1	1	1	1	1	1	1	1
1	1	1	1	1	1	1	1	1	1	1	1	1	1	1	1	1	1	1	1	1	1	1	1	1
1	1	1	1	1	1	1	1	1	1	1	1	1	1	1	1	1	1	1	1	1	1	1	1	1
1	1	1	1	1	1	1	1	1	1	1	1	1	1	1	1	1	1	1	1	1	1	1	1	1
1	1	1	1	1	1	1	1	1	1	1	1	1	1	1	1	1	1	1	1	1	1	1	1	1
1	1	0	0	0	0	1	0	1	0	0	1	0	0	0	1	0	0	1	1	1	0	1	0	1
1	1	0	0	0	0	1	0	1	0	0	0	0	0	0	1	0	0	1	1	0	0	1	0	1
1	1	1	1	1	1	0	1	1	0	1	0	1	1	0	0	0	0	1	1	1	1	1	1	1
1	1	1	1	1	1	0	1	1	0	1	0	1	1	0	1	0	0	1	1	1	1	0	1	1
1	1	1	1	1	1	1	1	1	0	1	1	1	1	1	1	1	1	1	1	1	1	1	1	1
1	1	1	1	1	1	1	1	1	1	1	1	1	1	1	1	1	1	1	1	1	1	1	1	1
1	1	1	1	1	1	1	1	1	1	1	1	1	1	1	1	1	1	1	1	1	1	1	1	1
1	1	1	1	1	1	1	1	1	1	1	1	1	1	1	1	1	1	1	1	1	1	1	1	1
1	1	0	0	0	0	0	0	0	0	0	0	0	0	0	0	0	0	0	0	0	0	0	0	0
1	1	0	0	0	0	0	0	0	0	0	0	0	0	0	0	0	0	0	0	0	0	0	0	0
1	1	0	0	0	0	0	0	0	0	0	0	0	0	0	0	0	0	0	0	0	0	0	0	0
1	1	0	0	0	0	0	0	0	0	0	0	0	0	0	0	0	0	0	0	0	0	0	0	0
1	1	1	1	1	1	1	1	1	1	1	1	1	1	1	1	1	1	1	1	1	1	1	1	1
1	1	1	1	1	1	1	1	1	1	1	1	1	1	1	1	1	1	1	1	1	1	1	1	1
1	1	1	1	1	1	1	1	1	1	1	1	1	1	1	1	1	1	1	1	1	1	1	1	1
1	1	0	0	0	0	0	0	0	0	0	0	0	0	0	0	0	0	0	0	0	0	0	0	0
1	1	0	0	0	0	0	0	0	0	0	0	0	0	0	0	0	0	0	0	0	0	0	0	0
1	1	1	1	1	1	1	1	1	1	1	1	1	1	1	1	1	1	1	1	1	1	1	1	1
1	1	1	1	1	1	1	1	1	1	1	1	1	1	1	1	1	1	1	1	1	1	1	1	1
1	1	1	1	1	1	1	1	1	1	1	1	1	1	1	1	1	1	1	1	1	1	1	1	1
1	1	1	1	1	1	1	1	1	1	1	1	1	1	1	1	1	1	1	1	1	1	1	1	1
1	1	1	1	1	1	1	1	1	1	1	1	1	1	1	1	1	1	1	1	1	1	1	1	1
1	1	1	1	1	1	1	1	1	1	1	1	1	1	1	1	1	1	1	1	1	1	1	1	1
1	1	1	1	1	1	1	0	1	0	1	1	0	0	0	1	0	0	1	1	1	1	1	1	1
1	1	1	1	1	1	1	1	1	1	1	1	1	0	1	1	1	1	1	1	1	1	1	0	1
1	1	1	1	1	1	1	1	1	1	1	1	1	1	1	1	1	1	1	1	1	1	1	0	1
1	1	1	1	1	1	1	1	1	1	1	1	1	1	1	1	1	1	1	1	1	1	1	1	1
1	1	1	1	0	0	0	1	0	1	0	1	0	1	1	1	1	1	1	0	1	1	1	1	1
1	1	1	1	1	1	1	1	1	1	0	1	1	1	1	1	0	0	1	1	1	1	1	1	1
1	1	1	1	1	1	1	1	1	1	0	1	1	1	1	1	0	0	1	0	1	1	1	1	1
1	1	1	1	1	1	1	1	0	1	0	1	0	1	0	1	0	0	1	0	1	1	0	1	1
1	1	0	0	0	0	0	0	0	0	0	0	0	0	0	0	0	0	0	0	0	0	0	0	0
1	1	0	0	0	0	0	0	0	0	0	0	0	0	0	0	0	0	0	0	0	0	0	0	0
1	1	0	0	0	0	0	0	0	0	0	0	0	0	0	0	0	0	0	0	0	0	0	0	0
1	1	0	0	0	0	0	0	0	0	0	0	0	0	0	0	0	0	0	0	0	0	0	0	0
1	1	1	1	1	1	1	1	1	1	1	1	1	1	1	1	1	1	1	1	1	1	1	1	1
1	1	1	1	1	1	1	1	1	1	1	1	1	1	1	1	1	1	1	1	1	1	1	1	1
1	1	1	1	1	1	1	1	1	1	1	1	1	1	1	1	1	1	1	1	1	1	1	1	1
1	1	0	0	0	0	0	0	0	0	0	0	0	0	0	0	0	0	0	0	0	0	0	0	0
1	1	0	0	0	0	0	0	1	0	0	1	0	0	1	1	0	1	1	0	1	1	1	0	1
1	1	1	1	1	1	1	1	1	1	1	1	1	1	1	1	1	1	1	1	1	1	1	1	1
1	1	1	1	1	1	1	1	1	1	1	1	1	1	1	1	1	1	1	1	1	1	1	1	1
1	1	1	1	1	1	1	1	1	1	1	1	1	1	1	1	1	1	1	1	1	1	1	1	1
1	1	1	1	1	1	1	1	1	1	1	1	1	1	1	1	1	1	1	1	1	1	1	1	1
1	1	1	1	1	1	1	1	1	1	1	1	1	1	1	1	1	1	1	1	1	1	1	1	1
1	1	1	1	1	1	1	1	1	1	1	1	1	1	1	1	1	1	1	1	1	1	1	1	1
1	1	0	1	0	0	1	0	1	0	0	1	0	0	0	1	1	0	1	1	1	0	1	1	1
1	1	1	1	1	1	1	1	1	1	1	1	1	0	1	1	1	1	1	1	1	1	1	1	1
1	1	1	1	1	1	1	1	1	1	1	1	1	1	1	1	1	1	1	1	1	1	1	1	1
1	1	1	1	1	1	1	1	1	1	1	1	1	1	1	1	1	1	1	1	1	1	1	1	1
1	1	0	1	0	0	1	0	1	0	0	1	0	0	1	1	1	1	0	1	1	1	1	1	1
1	1	1	1	1	1	1	1	1	1	1	1	1	1	1	1	1	1	1	1	1	1	1	0	1
1	1	1	1	1	1	1	1	1	1	1	1	1	1	1	1	1	1	1	1	1	1	1	1	1
1	1	0	0	0	0	0	0	0	0	0	0	0	0	0	0	0	0	0	0	0	0	0	0	0
1	1	0	0	0	0	0	0	0	0	0	0	0	0	0	0	0	0	0	0	0	0	0	0	0
1	1	0	0	0	0	0	0	0	0	0	0	0	0	0	0	0	0	0	0	0	0	0	0	0
1	1	0	0	0	0	0	0	0	0	0	0	0	0	0	0	0	0	0	0	0	0	0	0	0
1	1	0	0	0	0	0	0	0	0	0	0	0	0	0	0	0	0	0	0	0	0	0	0	0
1	1	1	1	1	1	1	1	0	1	0	1	0	1	0	1	0	0	1	0	1	1	0	1	1
1	1	1	1	1	1	1	1	1	1	0	1	0	1	1	1	1	1	1	1	1	1	1	1	1
1	1	1	1	1	1	1	1	0	1	0	1	0	1	0	1	0	0	1	0	1	1	0	1	1
1	1	0	0	0	0	0	0	0	0	0	0	0	0	0	0	0	0	0	0	0	0	0	0	0
1	1	0	0	0	0	0	0	1	0	0	1	0	0	1	1	1	1	1	1	1	0	1	1	1
1	1	1	1	1	1	1	1	1	1	1	1	1	1	1	1	1	1	1	1	1	1	1	1	1
1	1	1	1	1	1	1	1	1	1	1	1	1	1	1	1	1	1	1	1	1	1	1	1	1
1	1	1	1	1	1	1	1	1	1	1	1	1	1	1	1	1	1	1	1	1	1	1	1	1
1	1	1	1	1	1	1	1	1	1	1	1	1	1	1	1	1	1	1	1	1	1	1	1	1
1	1	1	1	1	1	1	1	1	1	1	1	1	1	1	1	1	1	1	1	1	1	1	1	1
1	1	1	1	1	1	1	1	1	1	1	1	1	1	1	1	1	1	1	1	1	1	1	1	1
1	1	1	1	1	1	1	1	1	1	1	1	1	0	0	1	1	1	1	1	1	1	1	1	1
1	1	1	1	1	1	1	1	1	1	1	1	1	0	1	1	1	1	1	1	1	1	1	1	1
1	1	1	1	1	1	1	1	1	1	1	1	1	1	1	1	1	1	1	1	1	1	1	1	1
1	1	1	1	1	1	1	1	1	1	1	1	1	1	1	1	1	1	1	1	1	1	1	1	1
1	0	0	1	0	0	1	0	1	0	0	1	0	0	1	1	1	1	0	1	1	0	1	1	1
1	1	1	1	1	1	1	1	1	1	1	1	1	1	1	1	1	1	1	1	1	1	1	1	1
1	1	1	1	1	1	1	1	1	1	1	1	1	1	1	1	1	1	1	1	1	1	1	1	1
1	0	0	0	0	0	0	0	0	0	0	0	0	0	0	0	0	0	0	0	0	0	0	0	0
1	1	0	0	0	0	0	0	0	0	0	0	0	0	0	0	0	0	0	0	0	0	0	0	0
1	1	0	0	0	0	0	0	0	0	0	0	0	0	0	0	0	0	0	0	0	0	0	0	0
1	1	0	0	0	0	0	0	0	0	0	0	0	0	0	0	0	0	0	0	0	0	0	0	0
1	1	0	0	0	0	0	0	0	0	0	0	0	0	0	0	0	0	0	0	0	0	0	0	0
1	0	0	0	0	0	0	0	0	0	0	0	0	0	0	0	0	0	0	0	0	0	0	0	0
1	1	0	0	0	0	0	0	1	0	0	1	0	0	1	1	1	1	1	1	1	0	1	1	1
0	0	0	0	0	0	0	0	0	0	0	0	0	0	0	0	0	0	0	0	0	0	0	0	0
0	0	0	0	0	0	0	0	0	0	0	0	0	0	0	0	0	0	0	0	0	0	0	0	0
1	1	0	0	0	0	0	0	1	0	0	1	0	0	1	1	1	1	1	1	1	0	1	1	1
1	1	1	1	1	1	1	1	0	1	0	1	0	1	0	1	0	0	1	0	1	1	0	1	1
1	1	1	1	0	0	0	1	0	1	0	1	0	1	0	1	0	0	1	0	1	1	0	1	1
1	1	1	1	1	1	1	1	0	1	0	1	0	1	0	1	0	0	1	0	1	1	0	1	1
1	1	1	1	1	1	1	1	1	1	1	1	1	1	1	1	1	1	1	1	1	1	1	1	1
1	1	1	1	1	1	1	1	1	1	1	1	1	1	1	1	1	1	1	1	1	1	1	1	1
1	1	1	1	1	1	1	1	1	1	1	1	1	1	1	1	1	1	1	1	1	1	1	1	1
1	1	1	1	1	1	1	1	1	1	1	1	1	1	1	1	1	1	1	1	1	1	1	1	1
1	1	1	1	1	1	1	1	1	1	1	1	1	1	1	1	1	1	1	1	1	1	1	1	1
1	1	1	1	1	1	1	1	1	1	1	1	1	1	1	1	1	1	1	1	1	1	1	1	1
1	1	1	1	1	1	1	1	1	1	1	1	1	1	1	1	1	1	1	1	1	1	1	1	1
1	1	0	1	0	0	1	0	1	0	0	1	0	0	1	1	1	1	0	1	1	0	1	1	1
1	1	1	1	1	1	1	1	1	1	1	1	1	1	1	1	1	1	1	1	1	1	1	1	1
1	1	1	1	1	1	1	1	1	1	1	1	1	1	1	1	1	1	1	1	1	1	1	1	1
1	1	0	0	0	0	0	0	0	0	0	0	0	0	0	0	0	0	0	0	0	0	0	0	0
1	1	0	0	0	0	0	0	0	0	0	0	0	0	0	0	0	0	0	0	0	0	0	0	0
1	1	0	0	0	0	0	0	0	0	0	0	0	0	0	0	0	0	0	0	0	0	0	0	0
1	1	0	0	0	0	0	0	0	0	0	0	0	0	0	0	0	0	0	0	0	0	0	0	0
1	1	0	0	0	0	0	0	0	0	0	0	0	0	0	0	0	0	0	0	0	0	0	0	0
1	1	0	0	0	0	0	0	0	0	0	0	0	0	0	0	0	0	0	0	0	0	0	0	0
1	1	0	0	0	0	0	0	1	0	0	1	0	0	1	1	1	1	1	1	1	0	1	1	1
1	1	0	0	0	0	0	0	0	0	0	0	0	0	0	0	0	0	0	0	0	0	0	0	0
1	1	0	0	0	0	0	0	0	0	0	0	0	0	0	0	0	0	0	0	0	0	0	0	0
1	1	0	0	0	0	0	0	1	0	0	1	0	0	1	1	1	1	1	1	1	0	1	1	1
1	1	0	0	0	0	0	0	0	0	0	0	0	0	0	0	0	0	0	0	0	0	0	0	0
1	1	0	0	0	0	0	0	0	0	0	1	0	1	1	1	1	1	0	0	1	1	1	0	1
1	0	0	0	0	0	0	0	0	0	0	1	0	1	1	1	1	1	0	0	1	1	1	0	1
1	1	1	1	1	1	1	1	0	1	0	1	0	1	0	1	0	0	1	0	1	1	0	1	1
1	1	1	1	1	1	1	1	0	1	0	1	0	1	0	1	0	0	1	1	1	1	1	1	1
1	1	1	1	1	1	1	1	1	1	1	1	1	1	1	1	1	1	1	1	1	1	1	1	1
1	1	1	1	1	1	1	1	1	1	1	1	1	1	1	1	1	1	1	1	1	1	1	1	1
1	1	1	1	1	1	1	1	1	1	1	1	1	1	1	1	1	1	1	1	1	1	1	1	1
1	1	1	1	1	1	1	1	1	1	1	1	1	1	1	1	1	1	1	1	1	1	1	1	1
1	1	1	1	1	1	1	1	1	1	1	1	1	1	1	1	1	1	1	1	1	1	1	1	1
1	0	0	1	0	0	1	0	1	0	0	1	0	0	1	1	1	1	0	1	1	0	1	1	1
1	1	1	1	1	1	1	1	1	1	1	1	1	1	1	1	1	1	1	1	1	1	1	1	1
1	1	1	1	1	1	1	1	1	1	1	1	1	1	1	1	1	1	1	1	1	1	1	1	1
0	0	0	0	0	0	0	0	0	0	0	0	0	0	0	0	0	0	0	0	0	0	0	0	0
1	1	0	0	0	0	0	0	1	0	1	1	0	0	1	1	1	1	0	0	1	1	1	0	1
1	1	0	0	0	0	0	0	1	0	1	1	0	0	1	1	1	1	0	0	1	1	1	0	1
0	0	0	0	0	0	0	0	0	0	0	0	0	0	0	0	0	0	0	0	0	0	0	0	0
0	0	0	0	0	0	0	0	0	0	0	0	0	0	0	0	0	0	0	0	0	0	0	0	0
0	0	0	0	0	0	0	0	0	0	0	0	0	0	0	0	0	0	0	0	0	0	0	0	0
0	0	0	0	0	0	0	0	0	0	0	0	0	0	0	0	0	0	0	0	0	0	0	0	0
0	0	0	0	0	0	0	0	0	0	0	0	0	0	0	0	0	0	0	0	0	0	0	0	0
0	0	0	0	0	0	0	0	0	0	0	0	0	0	0	0	0	0	0	0	0	0	0	0	0
1	1	0	0	0	0	0	0	1	0	0	1	0	0	1	1	1	1	1	1	1	0	1	1	1
0	0	0	0	0	0	0	0	0	0	0	0	0	0	0	0	0	0	0	0	0	0	0	0	0
1	0	0	0	0	0	0	0	0	0	0	1	0	1	1	1	1	1	0	1	1	0	1	1	1
1	0	0	0	0	0	0	0	0	0	0	1	0	1	1	1	1	1	0	1	1	0	1	1	1
0	0	0	0	0	0	0	0	0	0	0	1	0	0	1	1	0	0	0	1	1	0	1	0	0
0	0	0	0	0	0	0	0	0	0	0	0	0	0	0	0	0	0	0	0	0	0	0	0	0
0	0	0	0	0	0	0	0	0	0	0	1	0	0	0	0	0	0	0	1	1	0	1	0	0
1	1	1	1	1	1	1	1	1	1	1	1	1	1	1	1	1	1	1	1	1	1	1	1	1
1	1	1	1	1	1	1	1	1	1	1	1	1	1	1	1	1	1	1	1	1	0	1	1	1
1	1	0	0	0	0	0	0	0	1	0	1	0	1	1	1	1	1	1	1	1	1	1	1	1
1	1	1	1	1	1	1	1	1	1	1	1	1	1	1	1	1	1	1	1	1	1	1	1	1
1	1	1	1	1	1	1	1	1	1	1	1	1	1	1	1	1	1	1	1	1	1	1	1	1
1	0	1	1	0	0	1	0	1	1	0	1	0	1	0	1	1	0	1	1	1	1	0	1	1
1	1	1	1	1	1	1	1	1	1	1	1	1	1	1	1	1	1	1	1	1	1	1	1	1
1	1	1	1	1	1	1	1	1	1	1	1	1	1	1	1	1	1	1	1	1	1	1	1	1
0	0	0	0	0	0	0	0	0	0	0	0	0	0	0	0	0	0	0	0	0	0	0	0	0
1	1	0	0	0	0	0	0	1	0	1	1	0	0	1	1	1	1	0	1	1	0	1	1	1
1	1	0	0	0	0	0	0	1	0	1	1	0	0	1	1	1	1	0	1	1	0	1	1	1
0	0	0	0	0	0	0	0	0	0	0	0	0	0	0	0	0	0	0	0	0	0	0	0	0
0	0	0	0	0	0	0	0	0	0	0	0	0	0	0	0	0	0	0	0	0	0	0	0	0
0	0	0	0	0	0	0	0	0	0	0	0	0	0	0	0	0	0	0	0	0	0	0	0	0
0	0	0	0	0	0	0	0	0	0	0	0	0	0	0	0	0	0	0	0	0	0	0	0	0
0	0	0	0	0	0	0	0	0	0	0	0	0	0	0	0	0	0	0	0	0	0	0	0	0
0	0	0	0	0	0	0	0	0	0	0	0	0	0	0	0	0	0	0	0	0	0	0	0	0
0	0	0	0	0	0	0	0	0	0	0	0	0	0	0	0	0	0	0	0	0	0	0	0	0
0	0	0	0	0	0	0	0	0	0	0	0	0	0	0	0	0	0	0	0	0	0	0	0	0
1	0	0	0	0	0	0	0	0	0	0	1	0	1	1	1	1	1	0	1	1	0	1	1	1
1	0	0	0	0	0	0	0	0	0	0	1	0	1	1	1	1	1	0	1	1	0	1	1	1
0	0	0	0	0	0	0	0	0	0	0	1	0	0	1	1	0	0	0	1	1	0	1	0	0
0	0	0	0	0	0	0	0	0	0	0	0	0	0	0	0	0	0	0	0	0	0	0	0	0
0	0	0	0	0	0	0	0	0	0	0	1	0	0	0	0	0	0	0	1	1	0	1	0	0
1	1	1	1	1	1	1	1	1	1	1	1	1	1	1	1	1	1	1	1	1	1	1	1	1
1	1	1	1	1	1	1	1	1	1	1	1	1	1	1	1	1	1	1	1	1	0	1	1	1
1	0	0	0	0	0	0	0	0	0	0	1	0	1	1	1	1	1	0	1	1	0	1	1	1
1	1	1	1	1	1	1	1	1	1	1	1	1	1	1	1	1	1	1	1	1	1	1	1	1
1	1	1	1	1	1	1	1	1	1	1	1	1	1	1	1	1	1	1	1	1	1	1	1	1
0	0	0	0	0	0	0	0	0	0	0	0	0	0	0	0	0	0	0	0	0	0	0	0	0
1	1	1	1	1	1	1	1	0	1	0	1	0	1	0	1	0	0	1	0	1	1	0	1	1
1	1	1	1	1	1	1	1	0	1	0	1	0	1	0	1	0	0	1	0	1	1	0	1	1
0	0	0	0	0	0	0	0	0	0	0	0	0	0	0	0	0	0	0	0	0	0	0	0	1
1	1	0	0	0	0	0	0	1	0	1	1	0	0	1	1	1	1	0	1	1	0	1	1	1
1	1	0	0	0	0	0	0	1	0	1	1	0	0	1	1	1	1	0	1	1	0	1	1	1
0	0	0	0	0	0	0	0	0	0	0	0	0	0	0	0	0	0	0	0	0	0	0	0	0
0	0	0	0	0	0	0	0	0	0	0	0	0	0	0	0	0	0	0	0	0	0	0	0	0
0	0	0	0	0	0	0	0	0	0	0	0	0	0	0	0	0	0	0	0	0	0	0	0	0
0	0	0	0	0	0	0	0	0	0	0	0	0	0	0	0	0	0	0	0	0	0	0	0	0
0	0	0	0	0	0	0	0	0	0	0	0	0	0	0	0	0	0	0	0	0	0	0	0	0
0	0	0	0	0	0	0	0	0	0	0	0	0	0	0	0	0	0	0	0	0	0	0	0	0
0	0	0	0	0	0	0	0	0	0	0	0	0	0	0	0	0	0	0	0	0	0	0	0	0
0	0	0	0	0	0	0	0	0	0	0	0	0	0	0	0	0	0	0	0	0	0	0	0	0
1	0	0	0	0	0	0	0	0	0	0	1	0	1	1	1	1	1	0	1	1	0	1	1	1
1	0	0	0	0	0	0	0	0	0	0	1	0	1	1	1	1	1	0	1	1	0	1	1	1
0	0	0	0	0	0	0	0	0	0	0	1	0	0	1	1	0	0	0	1	1	0	1	0	0
0	0	0	0	0	0	0	0	0	0	0	0	0	0	0	0	0	0	0	0	0	0	0	0	0
0	0	0	0	0	0	0	0	0	0	0	1	0	0	0	0	0	0	0	1	1	0	1	0	0
1	1	1	1	1	1	1	1	1	1	1	1	1	1	1	1	1	1	1	1	1	1	1	1	1
1	1	0	0	0	0	0	0	0	0	0	1	0	1	1	1	1	1	0	1	1	0	1	1	1
1	0	0	0	0	0	0	0	0	0	0	1	0	1	1	1	1	1	0	1	1	0	1	1	1
1	1	1	1	1	1	1	1	0	1	0	1	0	1	0	1	0	0	1	0	1	1	0	1	1
1	1	1	1	1	1	1	1	0	1	0	1	0	1	0	1	0	0	1	0	1	1	0	1	1
0	0	0	0	0	0	0	0	0	0	0	0	0	0	0	0	0	0	0	0	0	0	0	0	0
0	0	0	0	0	0	0	0	0	0	0	0	0	0	0	0	0	0	0	0	0	0	0	0	0
0	0	0	0	0	0	0	0	0	0	0	0	0	0	0	0	0	0	0	0	0	0	0	0	0
0	0	0	0	0	0	0	0	0	0	0	0	0	0	0	0	0	0	0	0	0	0	0	0	0
1	1	0	0	0	0	0	0	1	0	1	1	0	0	1	1	1	1	0	1	1	0	1	1	1
1	1	0	0	0	0	0	0	1	0	1	1	0	0	1	1	1	1	0	1	1	0	1	1	1
0	0	0	0	0	0	0	0	0	0	0	0	0	0	0	0	0	0	0	0	0	0	0	0	0
0	0	0	0	0	0	0	0	0	0	0	0	0	0	0	0	0	0	0	0	0	0	0	0	0
0	0	0	0	0	0	0	0	0	0	0	0	0	0	0	0	0	0	0	0	0	0	0	0	0
0	0	0	0	0	0	0	0	0	0	0	0	0	0	0	0	0	0	0	0	0	0	0	0	0
0	0	0	0	0	0	0	0	0	0	0	0	0	0	0	0	0	0	0	0	0	0	0	0	0
0	0	0	0	0	0	0	0	0	0	0	0	0	0	0	0	0	0	0	0	0	0	0	0	0
0	0	0	0	0	0	0	0	0	0	0	0	0	0	0	0	0	0	0	0	0	0	0	0	0
0	0	0	0	0	0	0	0	0	0	0	0	0	0	0	0	0	0	0	0	0	0	0	0	0
1	0	0	0	0	0	0	0	0	0	0	1	0	1	1	1	1	1	0	1	1	0	1	1	1
1	0	0	0	0	0	0	0	0	0	0	1	0	1	1	1	1	1	0	1	1	0	1	1	1
0	0	0	0	0	0	0	0	0	0	0	1	0	0	1	1	0	0	0	1	1	0	1	0	0
0	0	0	0	0	0	0	0	0	0	0	0	0	0	0	0	0	0	0	0	0	0	0	0	0
0	0	1	1	0	0	0	0	0	1	0	1	0	1	0	1	0	0	1	0	1	1	0	0	0
0	1	1	1	1	1	1	1	0	1	0	1	0	1	0	1	0	0	1	0	1	1	0	1	1
0	0	1	1	1	1	1	1	0	1	0	1	0	1	0	1	0	0	1	0	1	1	0	1	1
0	0	1	1	1	1	1	1	0	1	0	1	0	1	0	1	0	0	1	0	1	1	0	1	1
0	0	0	0	0	0	0	0	0	0	0	0	0	0	0	0	0	0	0	0	0	0	0	0	0
0	0	0	0	0	0	0	0	0	0	0	0	0	0	0	0	0	0	0	0	0	0	0	0	0
0	0	0	0	0	0	0	0	0	0	0	0	0	0	0	0	0	0	0	0	0	0	0	0	0
0	0	0	0	0	0	0	0	0	0	0	0	0	0	0	0	0	0	0	0	0	0	0	0	0
0	0	0	0	0	0	0	0	0	0	0	0	0	0	0	0	0	0	0	0	0	0	0	0	0
0	0	0	0	0	0	0	0	0	0	0	0	0	0	0	0	0	0	0	0	0	0	0	0	0
1	1	0	0	0	0	0	0	1	0	1	1	0	0	1	1	1	1	0	1	1	0	1	1	1
1	1	0	0	0	0	0	0	1	0	1	1	0	0	1	1	1	1	0	1	1	0	1	1	1
0	0	0	0	0	0	0	0	0	0	0	0	0	0	0	0	0	0	0	0	0	0	0	0	0
0	0	0	0	0	0	0	0	0	0	0	0	0	0	0	0	0	0	0	0	0	0	0	0	0
0	0	0	0	0	0	0	0	0	0	0	0	0	0	0	0	0	0	0	0	0	0	0	0	0
0	0	0	0	0	0	0	0	0	0	0	0	0	0	0	0	0	0	0	0	0	0	0	0	0
0	0	0	0	0	0	0	0	0	0	0	0	0	0	0	0	0	0	0	0	0	0	0	0	0
0	0	0	0	0	0	0	0	0	0	0	0	0	0	0	0	0	0	0	0	0	0	0	0	0
0	0	0	0	0	0	0	0	0	0	0	0	0	0	0	0	0	0	0	0	0	0	0	0	0
0	0	0	0	0	0	0	0	0	0	0	0	0	0	0	0	0	0	0	0	0	0	0	0	1
0	0	1	1	1	1	1	1	0	1	0	1	0	1	0	1	0	0	1	0	1	1	0	1	1
0	0	1	1	1	1	1	1	0	1	0	1	0	1	0	1	0	0	1	0	1	1	0	1	1
0	0	1	1	0	0	0	0	0	1	0	1	0	1	0	1	0	0	1	0	1	1	0	1	1
0	0	0	0	0	0	0	0	0	0	0	0	0	0	0	0	0	0	0	0	0	0	0	0	0
0	0	0	0	0	0	0	0	0	0	0	0	0	0	0	0	0	0	0	0	0	0	0	0	0
0	0	0	0	0	0	0	0	0	0	0	0	0	0	0	0	0	0	0	0	0	0	0	0	0
0	0	0	0	0	0	0	0	0	0	0	0	0	0	0	0	0	0	0	0	0	0	0	0	0
0	0	0	0	0	0	0	0	0	1	0	1	0	1	0	1	0	0	1	0	1	1	0	1	1
0	0	0	0	0	0	0	0	0	0	0	0	0	0	0	0	0	0	0	0	0	0	0	0	0
0	0	0	0	0	0	0	0	0	0	0	0	0	0	0	0	0	0	0	0	0	0	0	0	0
0	0	0	0	0	0	0	0	0	0	0	0	0	0	0	0	0	0	0	0	0	0	0	0	0
0	0	0	0	0	0	0	0	0	0	0	0	0	0	0	0	0	0	0	0	0	0	0	0	0
0	0	0	0	0	0	0	0	0	0	0	0	0	0	0	0	0	0	0	0	0	0	0	0	0
0	0	0	0	0	0	0	0	0	0	0	0	0	0	0	0	0	0	0	0	0	0	0	0	0
0	0	0	0	0	0	0	0	0	0	0	0	0	0	0	0	0	0	0	0	0	0	0	1	1
0	0	0	0	0	0	0	0	0	0	0	0	0	0	0	0	0	0	0	0	0	0	0	1	1
0	0	0	0	0	0	0	0	0	0	0	0	0	0	0	0	0	0	0	0	0	0	0	0	0
0	0	0	0	0	0	0	0	0	0	0	0	0	0	0	0	0	0	0	0	0	0	0	0	0
0	0	0	0	0	0	0	0	0	0	0	0	0	0	0	0	0	0	0	0	0	0	0	0	0
0	0	0	0	0	0	0	0	0	0	0	0	0	0	0	0	0	0	0	0	0	0	0	0	0
0	0	0	0	0	0	0	0	0	0	0	0	0	0	0	0	0	0	0	0	0	0	0	0	0
0	0	0	0	0	0	0	0	0	0	0	0	0	0	0	0	0	0	0	0	0	0	0	0	0
0	0	0	0	0	0	0	0	0	0	0	0	0	0	0	0	0	0	0	0	0	0	0	0	0
0	0	0	0	0	0	0	0	0	1	0	1	0	1	0	1	0	0	1	0	1	1	0	1	1
0	0	0	0	0	0	0	0	0	0	0	0	0	0	0	0	0	0	0	0	0	0	0	0	0
0	0	0	0	0	0	0	0	0	0	0	0	0	0	0	0	0	0	0	0	0	0	0	0	0
0	0	0	0	0	0	0	0	0	0	0	0	0	0	0	0	0	0	0	0	0	0	0	0	0
0	0	0	0	0	0	0	0	0	0	0	0	0	0	0	0	0	0	0	0	0	0	0	0	1
0	0	0	0	0	0	0	0	0	0	0	0	0	0	0	0	0	0	0	0	0	0	0	0	0
0	0	0	0	0	0	0	0	0	0	0	0	0	0	0	0	0	0	0	0	0	0	0	0	0
0	0	0	0	0	0	0	0	0	0	0	0	0	0	0	0	0	0	0	0	0	0	0	0	0
0	0	0	0	0	0	0	0	0	0	0	0	0	0	0	0	0	0	0	0	0	0	0	0	0
0	0	0	0	0	0	0	0	0	0	0	0	0	0	0	0	0	0	0	0	0	0	0	0	0
0	0	0	0	0	0	0	0	0	0	0	0	0	0	0	0	0	0	0	0	0	0	0	0	0
0	0	0	0	0	0	0	0	0	0	0	0	0	0	0	0	0	0	0	0	0	0	0	0	0
0	0	0	0	0	0	0	0	0	0	0	0	0	0	0	0	0	0	0	0	0	0	0	0	0
0	0	0	0	0	0	0	0	0	0	0	0	0	0	0	0	0	0	0	0	0	0	0	0	0